step,month,stage,ps_equivalent_reservoir,paraibuna,simplicio,sta_branca,jaguari,lajes,ilha_dos_pombos,santana,funil,vigario,sobragi,fontes_a,sta_cecilia,tocos,nilo_pecanha,fontes_bc,picada,pereira_passos
1,1,1,0.9466731612690504,2515.8623183913696,2.2737367544323206e-13,220.19999999999993,698.5182731446957,294.76081600000003,2.2737367544323206e-13,0.0,375.404,0.0,2.842170943040401e-14,0.0,0.0,0.0,0.0,0.0,1.0000000000000142,5.684341886080802e-14
2,2,1,0.9982621493089269,2636.0,0.0,242.15000000000003,785.8983026943915,387.39016000000004,0.0,0.0,415.3330000000001,1.1368683772161603e-13,0.0,0.0,0.0,0.0,0.0,0.0,1.0,0.0
3,3,1,0.9561411520346517,2636.0,4.547473508864641e-13,264.0999999999999,793.0,445.34000000000003,0.0,0.0,321.04349505827713,2.2737367544323206e-13,1.1368683772161603e-13,0.0,2.2737367544323206e-13,0.0,0.0,0.0,0.9999999999999716,0.0
4,4,1,0.8160698741263764,2353.2753934567263,9.094947017729282e-13,215.60000000000002,793.0,445.34,4.547473508864641e-13,0.0,181.5,2.2737367544323206e-13,1.4210854715202004e-13,0.0,4.547473508864641e-13,1.4210854715202004e-14,0.0,0.0,0.9999999999999574,0.0
5,5,1,0.6946956172956322,2077.2683702976346,1.1368683772161603e-12,123.19999999999999,634.4000000000001,445.34000000000003,2.2737367544323206e-13,0.0,181.5,2.2737367544323206e-13,1.4210854715202004e-13,0.0,2.2737367544323206e-13,1.4210854715202004e-14,0.0,0.0,0.9999999999999574,0.0
6,6,2,0.6385564394709159,1799.3587397735682,1.2505552149377763e-12,123.19999999999999,668.5533204091482,445.34,1.1368683772161603e-13,0.0,181.5,2.2737367544323206e-13,1.4210854715202004e-13,0.0,2.2737367544323206e-13,1.4210854715202004e-14,0.0,0.0,0.9999999999999574,1.1368683772161603e-13
7,7,1,0.6096766925419855,1731.1037874741337,1.2505552149377763e-12,86.8300081418715,634.4000000000001,445.34000000000003,0.0,0.0,181.5,2.8421709430404007e-13,1.5631940186722204e-13,0.0,2.2737367544323206e-13,1.4210854715202004e-14,0.0,0.0,0.9999999999999503,1.1368683772161603e-13
8,8,2,0.5912270905208515,1603.19076134649,1.3642420526593924e-12,105.64000000000001,650.822396421182,445.34000000000003,0.0,0.0,181.5,2.8421709430404007e-13,1.4210854715202004e-13,0.0,2.2737367544323206e-13,1.4210854715202004e-14,0.0,0.0,0.9999999999999432,1.1368683772161603e-13
9,9,2,0.5910531570200867,1627.4455423252134,1.3073986337985843e-12,71.11279826963863,634.4000000000001,445.3400000000001,0.0,0.0,181.5,2.8421709430404007e-13,1.4210854715202004e-13,0.0,2.2737367544323206e-13,1.4210854715202004e-14,0.0,0.0,0.9999999999999503,1.7053025658242404e-13
10,10,2,0.6104487896548687,1662.6868428835564,1.3642420526593924e-12,88.07999999999996,664.7043980661858,445.34000000000003,1.1368683772161603e-13,0.0,181.5,2.8421709430404007e-13,1.4210854715202004e-13,0.0,2.2737367544323206e-13,1.4210854715202004e-14,0.0,0.0,0.9999999999999432,1.7053025658242404e-13
11,11,1,0.6732191004232253,1797.271255597488,1.3642420526593924e-12,54.505775645875474,711.2408765457837,445.34,2.2737367544323206e-13,0.0,177.3507353431101,2.8421709430404007e-13,1.4210854715202004e-13,0.0,1.1368683772161603e-13,1.4210854715202004e-14,0.0,0.0,0.9999999999999432,1.7053025658242404e-13
12,12,1,0.817545341895785,2049.388347715483,1.4779288903810084e-12,43.89926190319483,793.0,445.34,2.2737367544323206e-13,0.0,335.47299999999996,2.8421709430404007e-13,1.4210854715202004e-13,0.0,1.1368683772161603e-13,1.4210854715202004e-14,5.684341886080802e-14,0.0,0.999999999999929,3.410605131648481e-13
13,1,1,0.8834659761669461,2233.056701545396,9.094947017729282e-13,154.1400000000001,793.0,445.34,9.094947017729282e-13,0.0,375.4039999999999,2.8421709430404007e-13,2.2737367544323206e-13,0.0,0.0,1.4210854715202004e-14,5.684341886080802e-14,0.0,0.9999999999999432,3.410605131648481e-13
14,2,1,0.9079403887133395,2424.8653731769937,9.094947017729282e-13,169.505,793.0,445.34000000000003,1.3642420526593924e-12,0.0,322.91259031345965,3.410605131648481e-13,2.2737367544323206e-13,0.0,0.0,1.4210854715202004e-14,0.0,0.0,0.9999999999999716,4.547473508864641e-13
15,3,1,0.7706209582520103,2108.8,9.094947017729282e-13,184.87,790.0562035054577,445.34,1.8189894035458565e-12,0.0,151.5525,4.547473508864641e-13,2.8421709430404007e-13,5.684341886080802e-14,2.2737367544323206e-13,1.4210854715202004e-14,0.0,0.0,0.9999999999999716,3.410605131648481e-13
16,4,1,0.5395767502006313,1403.742249371141,1.1368683772161603e-12,123.19999999999999,634.4000000000001,445.34000000000003,2.0463630789890885e-12,0.0,181.5,4.547473508864641e-13,2.8421709430404007e-13,5.684341886080802e-14,2.2737367544323206e-13,1.4210854715202004e-14,0.0,0.0,0.9999999999999716,3.410605131648481e-13
17,5,2,0.41812205639798455,1054.4,1.3642420526593924e-12,123.19999999999999,456.3859688800485,445.34000000000003,1.8189894035458565e-12,0.0,181.5,4.547473508864641e-13,2.8421709430404007e-13,0.0,2.2737367544323206e-13,1.4210854715202004e-14,0.0,0.0,0.9999999999999716,3.410605131648481e-13
18,6,2,0.3906204600203345,1054.4,1.4779288903810084e-12,63.67403740829258,396.5,445.34,1.8189894035458565e-12,0.0,181.5,4.547473508864641e-13,2.8421709430404007e-13,0.0,2.2737367544323206e-13,1.4210854715202004e-14,0.0,0.0,0.9999999999999574,4.547473508864641e-13
19,7,3,0.36599180782032886,974.4979093742118,1.4210854715202004e-12,28.605000000000018,396.5,445.34000000000003,1.9326762412674725e-12,0.0,181.5,5.115907697472721e-13,2.984279490192421e-13,0.0,1.1368683772161603e-13,1.4210854715202004e-14,0.0,0.0,0.9999999999999503,4.547473508864641e-13
20,8,3,0.36050960255963377,961.4379602351805,1.3642420526593924e-12,10.068362526381321,396.5,445.34000000000003,1.9326762412674725e-12,0.0,181.5,5.115907697472721e-13,2.7000623958883807e-13,0.0,1.1368683772161603e-13,1.4210854715202004e-14,0.0,0.0,0.9999999999999432,4.547473508864641e-13
21,9,3,0.3546079271458019,880.7581189370335,1.3642420526593924e-12,22.02000000000001,424.29492472663674,445.34000000000003,1.9326762412674725e-12,0.0,181.5,5.115907697472721e-13,2.8421709430404007e-13,0.0,1.1368683772161603e-13,1.4210854715202004e-14,0.0,0.0,0.9999999999999503,5.115907697472721e-13
22,10,2,0.373484292005387,993.960108039139,1.3642420526593924e-12,0.0,413.4167670101781,445.34000000000003,1.8189894035458565e-12,0.0,181.5,5.115907697472721e-13,2.8421709430404007e-13,0.0,1.1368683772161603e-13,1.4210854715202004e-14,0.0,0.0,0.9999999999999432,4.547473508864641e-13
23,11,1,0.4194983533198407,1094.4009852958498,1.3642420526593924e-12,0.0,457.1678523133569,445.34000000000003,1.8189894035458565e-12,0.0,156.01808700510458,5.115907697472721e-13,2.8421709430404007e-13,0.0,1.1368683772161603e-13,1.4210854715202004e-14,0.0,0.0,0.9999999999999432,4.547473508864641e-13
24,12,1,0.5610072500469377,1305.4527177364257,1.5916157281026244e-12,0.0,569.8765060527955,445.34000000000003,1.8189894035458565e-12,0.0,335.47299999999996,5.684341886080801e-13,3.410605131648481e-13,0.0,2.2737367544323206e-13,1.4210854715202004e-14,0.0,0.0,0.9999999999999716,5.684341886080801e-13
25,1,1,0.6327971547641469,1504.804515580217,1.8189894035458565e-12,0.0,666.5494446721877,445.34,2.2737367544323206e-12,0.0,375.4040000000001,6.821210263296962e-13,3.979039320256561e-13,0.0,2.2737367544323206e-13,1.4210854715202004e-14,0.0,0.0,0.9999999999999716,5.684341886080801e-13
26,2,1,0.5150125637120935,1345.5901863958866,1.8189894035458565e-12,0.0,634.4000000000001,445.34000000000003,2.5011104298755527e-12,0.0,124.59989999999999,7.958078640513122e-13,3.979039320256561e-13,0.0,2.2737367544323206e-13,1.4210854715202004e-14,0.0,0.0,0.9999999999999716,6.821210263296962e-13
27,3,2,0.2050794601269157,286.51747046432683,1.8189894035458565e-12,26.409999999999997,396.5,445.34000000000003,3.183231456205249e-12,2.2737367544323206e-13,151.5525,9.094947017729282e-13,4.547473508864641e-13,0.0,4.547473508864641e-13,1.4210854715202004e-14,0.0,0.0,0.9999999999999716,5.684341886080801e-13
28,4,3,-0.012459695992630103,0.0,1.8189894035458565e-12,30.80000000000001,158.60000000000002,445.3400000000001,3.410605131648481e-12,2.2737367544323206e-13,181.5,9.094947017729282e-13,4.547473508864641e-13,0.0,4.547473508864641e-13,1.4210854715202004e-14,0.0,0.0,0.9999999999999716,5.684341886080801e-13
29,5,4,-0.012459695992630103,0.0,1.8189894035458565e-12,30.80000000000001,158.60000000000002,445.34000000000003,3.410605131648481e-12,2.2737367544323206e-13,181.5,9.094947017729282e-13,4.547473508864641e-13,0.0,3.410605131648481e-13,1.4210854715202004e-14,0.0,0.0,0.9999999999999858,5.684341886080801e-13
30,6,4,-0.012459695992630103,0.0,1.8189894035458565e-12,30.80000000000001,158.60000000000002,445.34000000000003,3.296918293926865e-12,2.2737367544323206e-13,181.5,9.094947017729282e-13,4.689582056016661e-13,0.0,3.410605131648481e-13,1.4210854715202004e-14,0.0,0.0,0.9999999999999787,5.684341886080801e-13
31,7,3,-0.02628725734136353,0.0,1.7053025658242404e-12,0.0,158.60000000000002,445.34000000000003,3.296918293926865e-12,2.8421709430404007e-13,152.83773392244262,9.094947017729282e-13,4.547473508864641e-13,0.0,3.410605131648481e-13,1.4210854715202004e-14,0.0,0.0,0.9999999999999787,5.684341886080801e-13
32,8,4,-0.024031023229325803,0.0,1.6484591469634324e-12,16.236375233666053,158.60000000000002,445.34000000000003,3.296918293926865e-12,2.8421709430404007e-13,146.87588382436883,9.094947017729282e-13,4.405364961712621e-13,0.0,3.410605131648481e-13,1.4210854715202004e-14,0.0,0.0,0.9999999999999716,5.968558980384842e-13
33,9,4,-0.014780687320765387,0.0,1.7621459846850485e-12,22.019999999999982,158.60000000000002,445.34000000000003,3.296918293926865e-12,2.8421709430404007e-13,181.49999999999994,9.094947017729282e-13,4.547473508864641e-13,0.0,3.410605131648481e-13,1.4210854715202004e-14,0.0,0.0,0.9999999999999787,5.684341886080801e-13
34,10,4,-0.014780687320765387,0.0,1.5916157281026244e-12,22.02000000000001,158.60000000000002,445.34000000000003,3.410605131648481e-12,3.979039320256561e-13,181.5,9.663381206337363e-13,4.263256414560601e-13,0.0,3.979039320256561e-13,1.4210854715202004e-14,0.0,0.0,0.9999999999999858,5.684341886080801e-13
35,11,1,-0.01015861834365016,0.0,1.5916157281026244e-12,0.0,158.60000000000002,445.34,3.410605131648481e-12,3.979039320256561e-13,139.57349999999997,9.663381206337363e-13,4.263256414560601e-13,0.0,4.547473508864641e-13,1.4210854715202004e-14,0.0,0.0,0.9999999999999929,6.821210263296962e-13
36,12,1,0.0891752954559078,0.0,1.8189894035458565e-12,0.0,212.0254881075233,445.34000000000003,3.410605131648481e-12,3.410605131648481e-13,283.34863905201803,9.094947017729282e-13,4.547473508864641e-13,0.0,4.547473508864641e-13,1.4210854715202004e-14,0.0,0.0,1.0,7.389644451905042e-13
37,1,1,0.217181787074704,147.51063425399752,1.8189894035458565e-12,0.0,351.15605473400433,445.34,3.183231456205249e-12,4.547473508864641e-13,375.4040000000001,9.094947017729282e-13,5.115907697472721e-13,0.0,6.821210263296962e-13,2.842170943040401e-14,0.0,0.0,1.0,6.821210263296962e-13
38,2,1,0.1165188542779834,131.80000000000018,1.5916157281026244e-12,0.0,219.75241718645634,445.34000000000003,2.9558577807620168e-12,3.410605131648481e-13,124.59989999999999,1.0231815394945443e-12,5.115907697472721e-13,0.0,6.821210263296962e-13,2.842170943040401e-14,0.0,0.0,1.0000000000000142,7.958078640513122e-13
39,3,3,-0.02106519939737154,0.0,1.5916157281026244e-12,26.409999999999997,158.60000000000002,445.34000000000003,3.410605131648481e-12,4.547473508864641e-13,151.5525,1.1368683772161603e-12,5.115907697472721e-13,0.0,9.094947017729282e-13,2.842170943040401e-14,0.0,0.0,1.0000000000000142,6.821210263296962e-13
40,4,4,-0.012459695992630103,0.0,1.4779288903810084e-12,30.80000000000001,158.60000000000002,445.34000000000003,3.410605131648481e-12,4.547473508864641e-13,181.5,1.0800249583553523e-12,5.115907697472721e-13,0.0,9.094947017729282e-13,2.842170943040401e-14,0.0,0.0,1.0000000000000142,6.252776074688882e-13
41,5,4,-0.012459695992630103,0.0,1.4779288903810084e-12,30.80000000000001,158.60000000000002,445.34000000000003,3.410605131648481e-12,4.547473508864641e-13,181.5,1.0800249583553523e-12,4.973799150320701e-13,0.0,9.663381206337363e-13,2.842170943040401e-14,0.0,0.0,1.0000000000000142,6.252776074688882e-13
42,6,4,-0.012459695992630103,0.0,1.4210854715202004e-12,30.80000000000001,158.60000000000002,445.34000000000003,3.467448550509289e-12,4.547473508864641e-13,181.5,1.0516032489249483e-12,4.973799150320701e-13,0.0,9.663381206337363e-13,2.842170943040401e-14,0.0,0.0,1.0000000000000142,6.252776074688882e-13
43,7,3,-0.03248718558293473,0.0,1.4779288903810084e-12,0.0,158.60000000000002,445.34000000000003,3.353761712787673e-12,4.547473508864641e-13,126.05373392244263,1.0231815394945443e-12,4.973799150320701e-13,0.0,9.663381206337363e-13,2.842170943040401e-14,0.0,0.0,1.0000000000000213,6.252776074688882e-13
44,8,4,-0.03709718417955808,0.0,1.4779288903810084e-12,24.271575233666084,158.60000000000002,445.34000000000003,3.353761712787673e-12,3.979039320256561e-13,82.68101744417544,1.0231815394945443e-12,4.973799150320701e-13,0.0,9.663381206337363e-13,2.842170943040401e-14,0.0,0.0,1.0000000000000284,6.252776074688882e-13
45,9,3,-0.062048945640909424,0.0,1.5347723092418164e-12,0.0,158.60000000000002,445.34000000000003,3.353761712787673e-12,3.979039320256561e-13,2.431375454442957,1.0231815394945443e-12,4.973799150320701e-13,0.0,9.663381206337363e-13,2.842170943040401e-14,0.0,0.0,1.0000000000000284,6.821210263296962e-13
46,10,4,-0.042062926370428445,0.0,1.5347723092418164e-12,22.02000000000001,158.60000000000002,445.34000000000003,3.353761712787673e-12,3.979039320256561e-13,65.43589863492349,1.0231815394945443e-12,5.115907697472721e-13,0.0,9.663381206337363e-13,2.842170943040401e-14,0.0,0.0,1.0000000000000284,6.821210263296962e-13
47,11,3,-0.06544578183019721,0.0,1.5916157281026244e-12,0.0,158.60000000000002,445.34000000000003,3.353761712787673e-12,3.410605131648481e-13,0.0,1.0231815394945443e-12,5.258016244624741e-13,0.0,8.526512829121202e-13,2.842170943040401e-14,0.0,0.0,1.0000000000000284,6.821210263296962e-13
48,12,4,0.060517063518379155,0.0,1.7053025658242404e-12,17.629999999999995,292.3774881075234,445.34000000000003,3.410605131648481e-12,3.410605131648481e-13,180.99291188848287,1.0231815394945443e-12,5.684341886080801e-13,5.684341886080802e-14,7.958078640513122e-13,2.842170943040401e-14,0.0,0.0,1.0000000000000284,6.821210263296962e-13
49,1,1,0.1056363926518431,0.0,1.8189894035458565e-12,0.0,351.3856870966415,445.34000000000003,3.183231456205249e-12,2.2737367544323206e-13,112.62119999999999,1.1368683772161603e-12,5.115907697472721e-13,1.1368683772161603e-13,6.821210263296962e-13,2.842170943040401e-14,0.0,0.0,1.0000000000000284,6.821210263296962e-13
50,2,3,0.27142659887233755,348.3300809105981,1.8189894035458565e-12,24.215000000000032,503.716580120211,445.34000000000003,3.183231456205249e-12,2.2737367544323206e-13,232.91852100881783,1.2505552149377763e-12,5.684341886080801e-13,1.1368683772161603e-13,6.821210263296962e-13,2.842170943040401e-14,0.0,0.0,1.0000000000001137,7.958078640513122e-13
51,3,1,0.1083593840131476,131.66409252824224,2.2737367544323206e-12,13.10590038955496,158.60000000000002,445.34000000000003,3.183231456205249e-12,4.547473508864641e-13,151.5525,1.3642420526593924e-12,5.684341886080801e-13,1.1368683772161603e-13,9.094947017729282e-13,2.842170943040401e-14,0.0,0.0,1.0000000000001137,6.821210263296962e-13
52,4,4,-0.012459695992630103,0.0,2.5011104298755527e-12,30.80000000000001,158.60000000000002,445.34,3.410605131648481e-12,4.547473508864641e-13,181.5,1.3642420526593924e-12,6.252776074688882e-13,5.684341886080802e-14,9.094947017729282e-13,2.842170943040401e-14,0.0,0.0,1.0000000000000995,6.821210263296962e-13
53,5,4,-0.012459695992630103,0.0,2.3874235921539366e-12,30.80000000000001,158.60000000000002,445.34000000000003,3.524291969370097e-12,4.547473508864641e-13,181.5,1.4210854715202004e-12,6.252776074688882e-13,5.684341886080802e-14,9.094947017729282e-13,2.842170943040401e-14,0.0,0.0,1.0000000000000995,6.252776074688882e-13
54,6,4,-0.012459695992630103,0.0,2.2737367544323206e-12,30.80000000000001,158.60000000000002,445.34,3.524291969370097e-12,4.547473508864641e-13,181.5,1.4210854715202004e-12,6.252776074688882e-13,5.684341886080802e-14,9.094947017729282e-13,2.842170943040401e-14,0.0,0.0,1.0000000000000995,6.821210263296962e-13
55,7,3,-0.02504727169304927,0.0,2.2737367544323206e-12,0.0,158.60000000000002,445.34000000000003,3.524291969370097e-12,4.547473508864641e-13,158.19453392244264,1.4210854715202004e-12,6.110667527536862e-13,5.684341886080802e-14,8.526512829121202e-13,2.842170943040401e-14,0.0,0.0,1.0000000000000995,6.821210263296962e-13
56,8,4,-0.013608338568204504,0.0,2.2737367544323206e-12,26.409999999999997,158.60000000000002,445.34000000000003,3.637978807091713e-12,4.547473508864641e-13,181.5,1.4210854715202004e-12,5.684341886080801e-13,5.684341886080802e-14,8.526512829121202e-13,2.842170943040401e-14,0.0,0.0,1.0000000000001066,6.821210263296962e-13
57,9,3,-0.02588746668914616,0.0,2.2168933355715126e-12,0.0,158.60000000000002,445.34000000000003,3.637978807091713e-12,4.547473508864641e-13,149.82408066935164,1.4210854715202004e-12,5.684341886080801e-13,1.1368683772161603e-13,9.094947017729282e-13,2.842170943040401e-14,0.0,0.0,1.0000000000000995,7.389644451905042e-13
58,10,4,0.03434425924440319,0.0,2.1600499167107046e-12,22.02000000000004,223.9111839641589,445.34000000000003,3.637978807091713e-12,4.547473508864641e-13,235.57708269977797,1.4210854715202004e-12,5.684341886080801e-13,1.1368683772161603e-13,9.094947017729282e-13,2.842170943040401e-14,0.0,0.0,1.0000000000000995,6.821210263296962e-13
59,11,1,0.0425001504093412,0.0,2.1600499167107046e-12,0.0,253.85279872952196,445.3400000000001,3.637978807091713e-12,4.547473508864641e-13,139.57349999999997,1.4210854715202004e-12,5.684341886080801e-13,1.1368683772161603e-13,9.663381206337363e-13,2.842170943040401e-14,0.0,0.0,1.0000000000000995,7.389644451905042e-13
60,12,1,0.02538520164964243,0.0,2.2737367544323206e-12,0.0,158.60000000000002,445.34000000000003,3.637978807091713e-12,4.547473508864641e-13,100.64189999999996,1.4210854715202004e-12,5.684341886080801e-13,5.684341886080802e-14,7.958078640513122e-13,2.842170943040401e-14,0.0,0.0,1.0000000000000995,7.958078640513122e-13
61,1,4,-0.03273832655337024,0.0,2.3874235921539366e-12,22.02000000000001,158.60000000000002,445.34000000000003,3.637978807091713e-12,4.547473508864641e-13,112.62119999999993,1.4779288903810084e-12,5.684341886080801e-13,5.684341886080802e-14,7.958078640513122e-13,2.842170943040401e-14,0.0,0.0,1.0000000000000924,9.094947017729282e-13
62,2,4,-0.028774156163135937,0.0,2.5011104298755527e-12,24.215000000000003,158.60000000000002,445.34000000000003,3.637978807091713e-12,4.547473508864641e-13,124.59989999999999,1.4779288903810084e-12,5.684341886080801e-13,1.1368683772161603e-13,7.958078640513122e-13,2.842170943040401e-14,0.0,0.0,1.0000000000000853,1.0231815394945443e-12
63,3,4,0.050931253915166126,0.0,2.7284841053187847e-12,26.409999999999997,328.75251926946896,445.34,4.092726157978177e-12,2.2737367544323206e-13,151.5525,1.5916157281026244e-12,6.252776074688882e-13,5.684341886080802e-14,1.1368683772161603e-12,2.842170943040401e-14,0.0,0.0,1.0000000000001137,9.094947017729282e-13
64,4,3,-0.017255208522706945,0.0,2.7284841053187847e-12,9.977884594406305,158.60000000000002,445.34,4.092726157978177e-12,2.2737367544323206e-13,181.5,1.5916157281026244e-12,6.536993168992922e-13,5.684341886080802e-14,1.1368683772161603e-12,4.263256414560601e-14,0.0,0.0,1.0000000000001137,1.0231815394945443e-12
65,5,4,-0.012459695992630103,0.0,2.7284841053187847e-12,30.80000000000001,158.60000000000002,445.34000000000003,4.092726157978177e-12,1.1368683772161603e-13,181.5,1.6484591469634324e-12,6.252776074688882e-13,1.1368683772161603e-13,1.0231815394945443e-12,4.263256414560601e-14,0.0,0.0,1.0000000000001137,1.0231815394945443e-12
66,6,4,-0.012459695992630103,0.0,2.7284841053187847e-12,30.80000000000001,158.60000000000002,445.34000000000003,4.149569576838985e-12,5.684341886080802e-14,181.5,1.6484591469634324e-12,6.110667527536862e-13,1.1368683772161603e-13,1.0231815394945443e-12,4.263256414560601e-14,0.0,0.0,1.0000000000001066,9.663381206337363e-13
67,7,3,-0.023187293220577828,0.0,2.6716406864579767e-12,0.0,158.60000000000002,445.34000000000003,4.149569576838985e-12,0.0,166.22973392244268,1.6484591469634324e-12,5.968558980384842e-13,1.1368683772161603e-13,1.0231815394945443e-12,4.263256414560601e-14,0.0,0.0,1.0000000000000995,9.663381206337363e-13
68,8,4,-0.013608338568204504,0.0,2.6716406864579767e-12,26.409999999999997,158.60000000000002,445.34000000000003,4.206412995699793e-12,0.0,181.49999999999994,1.6768808563938364e-12,5.968558980384842e-13,1.1368683772161603e-13,9.663381206337363e-13,4.263256414560601e-14,0.0,0.0,1.0000000000001066,9.663381206337363e-13
69,9,3,-0.0002976965796073433,0.0,2.6147972675971687e-12,0.0,158.60000000000002,445.3400000000001,4.206412995699793e-12,0.0,181.5,1.7053025658242404e-12,6.110667527536862e-13,1.1368683772161603e-13,9.663381206337363e-13,4.263256414560601e-14,0.0,0.0,1.0000000000001066,9.663381206337363e-13
70,10,4,-0.0049203913374950775,0.0,2.5011104298755527e-12,22.02000000000001,186.41358396415887,445.34000000000003,4.149569576838985e-12,0.0,181.5,1.7053025658242404e-12,6.110667527536862e-13,1.1368683772161603e-13,9.094947017729282e-13,4.263256414560601e-14,0.0,0.0,1.0000000000001066,9.663381206337363e-13
71,11,1,-0.008122781551149667,0.0,2.5011104298755527e-12,0.0,158.60000000000002,445.34000000000003,4.206412995699793e-12,0.0,139.57349999999997,1.7053025658242404e-12,5.968558980384842e-13,1.1368683772161603e-13,9.663381206337363e-13,4.263256414560601e-14,0.0,0.0,1.0000000000001137,9.663381206337363e-13
72,12,1,0.08244596622924484,0.0,2.2737367544323206e-12,0.0,305.76948810752333,445.34000000000003,4.320099833421409e-12,0.0,165.49903905201813,1.6484591469634324e-12,6.252776074688882e-13,1.1368683772161603e-13,1.0231815394945443e-12,4.263256414560601e-14,0.0,0.0,1.0000000000001137,1.0800249583553523e-12
73,1,1,0.2382737783707143,104.91844677017752,2.2737367544323206e-12,0.0,501.253241153825,445.34,4.092726157978177e-12,0.0,352.78591360188784,1.7053025658242404e-12,6.821210263296962e-13,5.684341886080802e-14,9.094947017729282e-13,4.263256414560601e-14,0.0,0.0,1.0000000000001137,1.0231815394945443e-12
74,2,1,0.3249218270800077,331.0546753432777,1.8189894035458565e-12,0.0,691.2530870690855,445.34000000000003,4.092726157978177e-12,0.0,305.47976027902837,1.7053025658242404e-12,7.389644451905042e-13,1.1368683772161603e-13,9.094947017729282e-13,4.263256414560601e-14,0.0,0.0,1.0000000000000853,1.2505552149377763e-12
75,3,1,0.0462418083518155,0.0,2.7284841053187847e-12,0.0,158.60000000000002,445.34000000000003,4.092726157978177e-12,0.0,151.5525,1.8189894035458565e-12,7.673861546209082e-13,1.7053025658242404e-13,9.094947017729282e-13,4.263256414560601e-14,0.0,0.0,1.0000000000000853,1.1368683772161603e-12
76,4,4,-0.012459695992630103,0.0,2.9558577807620168e-12,30.80000000000001,158.60000000000002,445.34000000000003,4.092726157978177e-12,0.0,181.5,1.8189894035458565e-12,7.673861546209082e-13,1.7053025658242404e-13,9.094947017729282e-13,4.263256414560601e-14,0.0,0.0,1.0000000000000853,1.1368683772161603e-12
77,5,4,-0.012459695992630103,0.0,2.9558577807620168e-12,30.80000000000001,158.60000000000002,445.34000000000003,4.206412995699793e-12,0.0,181.5,1.8189894035458565e-12,7.673861546209082e-13,1.7053025658242404e-13,9.094947017729282e-13,4.263256414560601e-14,0.0,0.0,1.0000000000000853,1.2505552149377763e-12
78,6,4,-0.012459695992630103,0.0,2.9558577807620168e-12,30.80000000000001,158.60000000000002,445.34000000000003,4.206412995699793e-12,0.0,181.5,1.8189894035458565e-12,7.389644451905042e-13,1.7053025658242404e-13,7.958078640513122e-13,4.263256414560601e-14,0.0,0.0,1.0000000000000853,1.3642420526593924e-12
79,7,3,-0.02256730039642075,0.0,3.0127011996228248e-12,0.0,158.60000000000002,445.34000000000003,4.206412995699793e-12,0.0,168.9081339224427,1.8189894035458565e-12,7.389644451905042e-13,1.7053025658242404e-13,7.389644451905042e-13,4.263256414560601e-14,0.0,0.0,1.0000000000000853,1.3642420526593924e-12
80,8,4,-0.013608338568204504,0.0,3.0127011996228248e-12,26.409999999999997,158.60000000000002,445.34000000000003,4.206412995699793e-12,0.0,181.5,1.8189894035458565e-12,7.247535904753022e-13,1.7053025658242404e-13,7.958078640513122e-13,4.263256414560601e-14,0.0,0.0,1.0000000000000853,1.3642420526593924e-12
81,9,3,-0.03593247128264974,0.0,3.0127011996228248e-12,0.0,158.60000000000002,445.3400000000001,4.206412995699793e-12,0.0,113.53608066935163,1.8474111129762605e-12,7.247535904753022e-13,1.7053025658242404e-13,7.958078640513122e-13,4.263256414560601e-14,0.0,0.0,1.0000000000000782,1.3642420526593924e-12
82,10,4,-0.01347264423194458,0.0,2.9558577807620168e-12,22.02000000000001,164.16467690846162,445.34000000000003,4.206412995699793e-12,0.0,181.5,1.8189894035458565e-12,7.389644451905042e-13,1.7053025658242404e-13,7.958078640513122e-13,4.263256414560601e-14,0.0,0.0,1.0000000000001137,1.3642420526593924e-12
83,11,1,0.04660855223976647,0.0,2.9558577807620168e-12,0.0,238.8195304541556,445.34,4.206412995699793e-12,0.0,209.1659766524079,1.8189894035458565e-12,7.958078640513122e-13,1.7053025658242404e-13,8.526512829121202e-13,4.263256414560601e-14,0.0,0.0,1.0000000000000995,1.3642420526593924e-12
84,12,1,0.18106243827757748,0.0,2.7284841053187847e-12,0.0,378.052968078444,445.34,4.092726157978177e-12,0.0,335.47300000000007,1.8758328224066645e-12,8.526512829121202e-13,1.7053025658242404e-13,9.094947017729282e-13,4.263256414560601e-14,0.0,0.0,1.0000000000001137,1.4779288903810084e-12
85,1,1,0.2936289430909635,270.21651023762206,2.7284841053187847e-12,0.0,536.1197086420425,445.34000000000003,4.547473508864641e-12,0.0,375.4040000000001,1.9326762412674725e-12,9.094947017729282e-13,1.1368683772161603e-13,9.094947017729282e-13,4.263256414560601e-14,0.0,0.0,1.0000000000001137,1.5916157281026244e-12
86,2,1,0.27952979396719063,571.6106085666993,2.7284841053187847e-12,0.0,446.083242473728,445.34000000000003,5.002220859751105e-12,0.0,124.59989999999999,1.9326762412674725e-12,9.663381206337363e-13,1.1368683772161603e-13,9.094947017729282e-13,4.263256414560601e-14,0.0,0.0,1.0000000000000568,1.8189894035458565e-12
87,3,2,0.09390553592101915,84.08876381881646,3.183231456205249e-12,0.0,158.60000000000002,445.34000000000003,5.4569682106375694e-12,0.0,151.5525,2.0463630789890885e-12,1.0231815394945443e-12,1.1368683772161603e-13,1.1368683772161603e-12,4.263256414560601e-14,0.0,0.0,1.0000000000000568,1.7053025658242404e-12
88,4,4,-0.012459695992630103,0.0,3.410605131648481e-12,30.80000000000001,158.60000000000002,445.34000000000003,5.6843418860808015e-12,0.0,181.5,2.0463630789890885e-12,1.0800249583553523e-12,5.684341886080802e-14,9.094947017729282e-13,4.263256414560601e-14,0.0,0.0,1.0000000000000284,1.7053025658242404e-12
89,5,4,-0.012459695992630103,0.0,3.296918293926865e-12,30.80000000000001,158.60000000000002,445.34000000000003,5.5706550483591855e-12,0.0,181.5,1.9895196601282805e-12,1.1084466677857563e-12,5.684341886080802e-14,9.094947017729282e-13,4.263256414560601e-14,0.0,0.0,1.0000000000000426,1.7053025658242404e-12
90,6,4,-0.012459695992630103,0.0,3.410605131648481e-12,30.799999999999955,158.60000000000002,445.34000000000003,5.5706550483591855e-12,0.0,181.5,1.9895196601282805e-12,1.1084466677857563e-12,1.1368683772161603e-13,9.094947017729282e-13,4.263256414560601e-14,0.0,0.0,1.0000000000000426,1.7621459846850485e-12
91,7,3,-0.019652550317704676,0.0,3.410605131648481e-12,0.0,158.60000000000002,445.34000000000003,5.5706550483591855e-12,0.0,181.5,1.9895196601282805e-12,1.1084466677857563e-12,1.1368683772161603e-13,9.094947017729282e-13,4.263256414560601e-14,0.0,0.0,1.0000000000000284,1.8189894035458565e-12
92,8,4,-0.013608338568204504,0.0,3.410605131648481e-12,26.409999999999997,158.60000000000002,445.34000000000003,5.6843418860808015e-12,0.0,181.5,1.9895196601282805e-12,1.0800249583553523e-12,1.1368683772161603e-13,8.526512829121202e-13,4.263256414560601e-14,0.0,0.0,1.0000000000000284,1.7621459846850485e-12
93,9,3,-0.007609059468047067,0.0,3.410605131648481e-12,0.0,158.60000000000002,445.34000000000003,5.6843418860808015e-12,0.0,181.5,1.9895196601282805e-12,1.0800249583553523e-12,1.1368683772161603e-13,8.526512829121202e-13,4.263256414560601e-14,0.0,0.0,1.0000000000000142,1.7621459846850485e-12
94,10,4,0.06332062233501731,0.0,3.410605131648481e-12,22.02000000000001,223.9111839641589,445.34000000000003,5.6843418860808015e-12,0.0,283.31216045521796,1.9895196601282805e-12,1.0800249583553523e-12,5.684341886080802e-14,8.526512829121202e-13,4.263256414560601e-14,0.0,0.0,1.0000000000000284,1.7053025658242404e-12
95,11,1,0.16641445563033164,0.0,3.410605131648481e-12,0.0,296.0233418429385,445.34,5.6843418860808015e-12,0.0,458.8097171202819,1.9895196601282805e-12,1.1084466677857563e-12,5.684341886080802e-14,9.094947017729282e-13,4.263256414560601e-14,0.0,0.0,1.0000000000000142,1.7053025658242404e-12
96,12,1,0.21684376321359944,134.6226876889832,3.410605131648481e-12,0.0,384.43635960156246,445.34,5.6843418860808015e-12,0.0,335.47300000000007,2.0463630789890885e-12,1.1368683772161603e-12,5.684341886080802e-14,9.094947017729282e-13,4.263256414560601e-14,0.0,0.0,1.0000000000000284,1.8189894035458565e-12
97,1,1,0.31672815526010606,402.3240417382276,3.865352482534945e-12,0.0,496.9773588342165,445.34,6.139089236967266e-12,0.0,375.4040000000002,2.0463630789890885e-12,1.1368683772161603e-12,0.0,9.094947017729282e-13,4.263256414560601e-14,0.0,0.0,1.0000000000000284,1.8189894035458565e-12
98,2,1,0.3323350521426839,653.676283650897,3.865352482534945e-12,0.0,579.8053572342944,445.34000000000003,6.366462912410498e-12,0.0,124.59989999999999,2.1600499167107046e-12,1.1937117960769683e-12,0.0,9.094947017729282e-13,4.263256414560601e-14,0.0,0.0,1.0000000000000284,1.9326762412674725e-12
99,3,2,0.05598564773093284,0.0,3.637978807091713e-12,0.0,158.60000000000002,445.34000000000003,6.366462912410498e-12,0.0,151.5525,2.2737367544323206e-12,1.1937117960769683e-12,0.0,1.1368683772161603e-12,4.263256414560601e-14,0.0,0.0,1.0000000000000284,1.8189894035458565e-12
100,4,4,-0.012459695992630103,0.0,3.637978807091713e-12,30.80000000000001,158.60000000000002,445.34000000000003,6.139089236967266e-12,0.0,181.5,2.2737367544323206e-12,1.1937117960769683e-12,0.0,9.094947017729282e-13,4.263256414560601e-14,0.0,0.0,1.0000000000000142,1.8189894035458565e-12
101,5,4,-0.012459695992630103,0.0,3.637978807091713e-12,30.80000000000001,158.60000000000002,445.34000000000003,6.252776074688882e-12,0.0,181.5,2.2737367544323206e-12,1.1937117960769683e-12,0.0,1.0231815394945443e-12,4.263256414560601e-14,0.0,0.0,1.0000000000000142,1.8189894035458565e-12
102,6,4,-0.012459695992630103,0.0,3.637978807091713e-12,30.799999999999955,158.60000000000002,445.34000000000003,6.252776074688882e-12,0.0,181.5,2.2737367544323206e-12,1.1652900866465643e-12,0.0,1.0231815394945443e-12,4.263256414560601e-14,0.0,0.0,1.0000000000000142,1.8189894035458565e-12
103,7,3,-0.019652550317704676,0.0,3.581135388230905e-12,0.0,158.60000000000002,445.34000000000003,6.195932655828074e-12,0.0,181.5,2.3305801732931286e-12,1.1368683772161603e-12,0.0,1.0231815394945443e-12,4.263256414560601e-14,0.0,0.0,1.0000000000000142,1.8189894035458565e-12
104,8,4,-0.013608338568204504,0.0,3.581135388230905e-12,26.409999999999997,158.60000000000002,445.34000000000003,6.139089236967266e-12,0.0,181.5,2.3305801732931286e-12,1.1084466677857563e-12,0.0,1.0231815394945443e-12,4.263256414560601e-14,0.0,0.0,1.0000000000000213,1.8189894035458565e-12
105,9,3,-0.029839668875616673,0.0,3.524291969370097e-12,0.0,158.60000000000002,445.34000000000003,6.139089236967266e-12,0.0,139.4560806693517,2.3590018827235326e-12,1.1226575225009583e-12,0.0,1.0231815394945443e-12,4.263256414560601e-14,0.0,0.0,1.0000000000000142,1.8189894035458565e-12
106,10,4,-0.0186801840159802,0.0,3.524291969370097e-12,22.02000000000001,158.60000000000002,445.34000000000003,6.139089236967266e-12,0.0,164.9107611592172,2.3021584638627246e-12,1.1368683772161603e-12,0.0,1.0231815394945443e-12,4.263256414560601e-14,0.0,0.0,1.0000000000000142,1.8474111129762605e-12
107,11,1,-0.01933197560937444,0.0,3.524291969370097e-12,0.0,158.60000000000002,445.3400000000001,6.139089236967266e-12,0.0,139.57349999999997,2.3305801732931286e-12,1.1368683772161603e-12,0.0,1.0800249583553523e-12,4.263256414560601e-14,0.0,0.0,1.0000000000000142,1.8758328224066645e-12
108,12,1,0.028709620184025193,0.0,3.410605131648481e-12,0.0,193.85222715954137,445.34000000000003,6.366462912410498e-12,0.0,100.64189999999996,2.3874235921539366e-12,1.1652900866465643e-12,0.0,1.0231815394945443e-12,4.263256414560601e-14,0.0,0.0,1.0000000000000284,1.9895196601282805e-12
109,1,3,0.13300945520362084,91.313261811747,3.637978807091713e-12,0.0,271.3585283995503,445.34,6.59383658785373e-12,0.0,172.63859523901579,2.5011104298755527e-12,1.2505552149377763e-12,0.0,1.0231815394945443e-12,5.684341886080802e-14,0.0,0.0,1.0000000000000284,1.9326762412674725e-12
110,2,1,0.2579468229839656,447.73318630044287,3.637978807091713e-12,2.442437676631471,453.7102392153639,445.34000000000003,6.821210263296962e-12,0.0,150.20944383554638,2.6147972675971687e-12,1.2505552149377763e-12,0.0,1.1368683772161603e-12,5.684341886080802e-14,0.0,0.0,1.0000000000000568,2.0463630789890885e-12
111,3,2,0.11373236260868479,131.80000000000018,4.092726157978177e-12,0.0,194.1272346309761,445.34,7.275957614183426e-12,0.0,151.5525,2.7284841053187847e-12,1.3073986337985843e-12,5.684341886080802e-14,1.3642420526593924e-12,5.684341886080802e-14,0.0,0.0,1.0000000000000284,1.9326762412674725e-12
112,4,3,-0.012459695992630103,0.0,4.092726157978177e-12,30.80000000000001,158.60000000000002,445.34,7.275957614183426e-12,0.0,181.5,2.7284841053187847e-12,1.3358203432289883e-12,5.684341886080802e-14,1.3642420526593924e-12,5.684341886080802e-14,0.0,0.0,1.0000000000000284,1.9326762412674725e-12
113,5,4,-0.012459695992630103,0.0,4.092726157978177e-12,30.80000000000001,158.60000000000002,445.34000000000003,7.275957614183426e-12,0.0,181.5,2.7284841053187847e-12,1.3073986337985843e-12,5.684341886080802e-14,1.3642420526593924e-12,5.684341886080802e-14,0.0,0.0,1.0000000000000284,1.9895196601282805e-12
114,6,4,-0.012459695992630103,0.0,4.092726157978177e-12,30.80000000000001,158.60000000000002,445.34,7.275957614183426e-12,0.0,181.5,2.7284841053187847e-12,1.2789769243681803e-12,5.684341886080802e-14,1.3073986337985843e-12,5.684341886080802e-14,0.0,0.0,1.0000000000000142,1.8758328224066645e-12
115,7,3,-0.023187293220577828,0.0,3.979039320256561e-12,0.0,158.60000000000002,445.34000000000003,7.275957614183426e-12,0.0,166.22973392244268,2.7000623958883807e-12,1.2647660696529783e-12,5.684341886080802e-14,1.2505552149377763e-12,5.684341886080802e-14,0.0,0.0,1.000000000000007,1.8189894035458565e-12
116,8,4,-0.024040904374732257,0.0,3.922195901395753e-12,5.522775233666039,158.60000000000002,445.34000000000003,7.275957614183426e-12,0.0,157.54701367329716,2.7000623958883807e-12,1.2505552149377763e-12,5.684341886080802e-14,1.3073986337985843e-12,5.684341886080802e-14,0.0,0.0,1.0,1.8189894035458565e-12
117,9,4,-0.02385624775804732,0.0,3.922195901395753e-12,18.355990451171465,158.60000000000002,445.34000000000003,7.275957614183426e-12,0.0,146.55476033654344,2.7000623958883807e-12,1.2505552149377763e-12,1.1368683772161603e-13,1.3073986337985843e-12,5.684341886080802e-14,0.0,0.0,1.000000000000007,1.8189894035458565e-12
118,10,4,-0.014780687320765387,0.0,3.865352482534945e-12,22.02000000000001,158.60000000000002,445.34000000000003,7.389644451905042e-12,0.0,181.5,2.7284841053187847e-12,1.2505552149377763e-12,1.1368683772161603e-13,1.3073986337985843e-12,5.684341886080802e-14,0.0,0.0,1.0000000000000213,1.8189894035458565e-12
119,11,1,0.029321107344187754,0.0,3.979039320256561e-12,0.0,209.92220807168223,445.34,7.503331289626658e-12,0.0,196.20597665240786,2.7284841053187847e-12,1.3073986337985843e-12,1.1368683772161603e-13,1.3642420526593924e-12,5.684341886080802e-14,0.0,0.0,1.0000000000000284,1.8189894035458565e-12
120,12,1,0.04981556133404931,0.0,3.865352482534945e-12,0.0,210.89525425537897,445.34000000000003,7.503331289626658e-12,0.0,100.64189999999996,2.6716406864579767e-12,1.3642420526593924e-12,5.684341886080802e-14,1.3642420526593924e-12,5.684341886080802e-14,0.0,0.0,1.0000000000000284,1.8189894035458565e-12
121,1,3,0.06452344249337286,0.0,3.865352482534945e-12,0.0,158.60000000000002,445.34000000000003,7.503331289626658e-12,0.0,112.62119999999999,2.7284841053187847e-12,1.3642420526593924e-12,5.684341886080802e-14,1.2505552149377763e-12,5.684341886080802e-14,0.0,0.0,1.0000000000000568,1.8189894035458565e-12
122,2,4,-0.028774156163135826,0.0,3.637978807091713e-12,24.214999999999975,158.60000000000002,445.34000000000003,7.503331289626658e-12,0.0,124.59990000000005,2.8421709430404007e-12,1.3926637620897964e-12,5.684341886080802e-14,1.0231815394945443e-12,5.684341886080802e-14,0.0,0.0,1.000000000000071,1.8758328224066645e-12
123,3,4,-0.02106519939737154,0.0,3.637978807091713e-12,26.409999999999997,158.60000000000002,445.34000000000003,7.503331289626658e-12,0.0,151.5525,2.8421709430404007e-12,1.4210854715202004e-12,0.0,1.1368683772161603e-12,5.684341886080802e-14,0.0,0.0,1.0000000000000568,1.7053025658242404e-12
124,4,4,-0.012459695992630103,0.0,3.751665644813329e-12,30.80000000000001,158.60000000000002,445.34000000000003,7.503331289626658e-12,0.0,181.5,2.8990143619012088e-12,1.4495071809506044e-12,0.0,1.1368683772161603e-12,5.684341886080802e-14,0.0,0.0,1.0000000000000426,1.7053025658242404e-12
125,5,4,-0.012459695992630103,0.0,3.751665644813329e-12,30.80000000000001,158.60000000000002,445.34000000000003,7.617018127348274e-12,0.0,181.5,2.8705926524708048e-12,1.4210854715202004e-12,0.0,1.1937117960769683e-12,5.684341886080802e-14,0.0,0.0,1.0000000000000426,1.7053025658242404e-12
126,6,4,-0.012459695992630103,0.0,3.808509063674137e-12,30.80000000000001,158.60000000000002,445.34000000000003,7.617018127348274e-12,0.0,181.5,2.8705926524708048e-12,1.4210854715202004e-12,0.0,1.1937117960769683e-12,5.684341886080802e-14,0.0,0.0,1.0000000000000426,1.7337242752546445e-12
127,7,3,-0.021947307572263566,0.0,3.865352482534945e-12,0.0,158.60000000000002,445.34000000000003,7.617018127348274e-12,0.0,171.5865339224427,2.8137492336099967e-12,1.4210854715202004e-12,0.0,1.1368683772161603e-12,5.684341886080802e-14,0.0,0.0,1.0000000000000284,1.7337242752546445e-12
128,8,4,-0.032145883938439666,0.0,3.865352482534945e-12,0.0,158.60000000000002,442.66366400000004,7.617018127348274e-12,0.0,128.2337762441926,2.8137492336099967e-12,1.3926637620897964e-12,0.0,1.1368683772161603e-12,5.684341886080802e-14,0.0,0.0,1.0000000000000355,1.7337242752546445e-12
129,9,4,-0.010460911587582007,0.0,3.979039320256561e-12,22.019999999999982,176.97718992410864,445.34,7.617018127348274e-12,0.0,181.5,2.8421709430404007e-12,1.3926637620897964e-12,0.0,1.1937117960769683e-12,5.684341886080802e-14,0.0,0.0,1.0000000000000284,1.7053025658242404e-12
130,10,3,0.05480365473720841,0.0,3.979039320256561e-12,0.0,226.2103210339818,445.34000000000003,7.503331289626658e-12,0.0,272.9352988195519,2.8421709430404007e-12,1.3926637620897964e-12,0.0,1.1368683772161603e-12,5.684341886080802e-14,0.0,0.0,1.0000000000000284,1.7053025658242404e-12
131,11,1,0.1154776699203967,0.0,3.979039320256561e-12,0.0,295.7323564067507,445.34,7.503331289626658e-12,0.0,278.63653914373026,2.8421709430404007e-12,1.4210854715202004e-12,0.0,1.1937117960769683e-12,5.684341886080802e-14,0.0,0.0,1.0000000000000142,1.7053025658242404e-12
132,12,1,0.20314247075395644,83.59873886140213,4.320099833421409e-12,0.0,381.4666250390792,445.34,7.503331289626658e-12,0.0,335.47299999999996,2.8421709430404007e-12,1.4210854715202004e-12,5.684341886080802e-14,1.1368683772161603e-12,5.684341886080802e-14,0.0,0.0,1.0,1.9326762412674725e-12
133,1,1,0.25146532637409447,273.5650397331606,4.320099833421409e-12,0.0,459.1851414210371,445.34,7.503331289626658e-12,0.0,279.2981772322886,2.9558577807620168e-12,1.4210854715202004e-12,5.684341886080802e-14,1.0231815394945443e-12,5.684341886080802e-14,0.0,0.0,1.0,1.9326762412674725e-12
134,2,1,0.1692932176231882,170.71395583245885,4.092726157978177e-12,0.0,396.5,445.34000000000003,7.73070496506989e-12,0.0,124.59989999999999,3.069544618483633e-12,1.4779288903810084e-12,5.684341886080802e-14,9.094947017729282e-13,5.684341886080802e-14,0.0,0.0,1.0000000000000284,2.0463630789890885e-12
135,3,3,-0.02106519939737154,0.0,5.002220859751105e-12,26.409999999999997,158.60000000000002,445.34,8.185452315956354e-12,0.0,151.5525,3.183231456205249e-12,1.5916157281026244e-12,5.684341886080802e-14,6.821210263296962e-13,7.105427357601002e-14,0.0,0.0,1.0,1.9326762412674725e-12
136,4,4,-0.012459695992630103,0.0,5.115907697472721e-12,30.799999999999955,158.60000000000002,445.34000000000003,8.185452315956354e-12,0.0,181.5,3.183231456205249e-12,1.6484591469634324e-12,1.1368683772161603e-13,6.821210263296962e-13,7.105427357601002e-14,0.0,0.0,1.0,1.9326762412674725e-12
137,5,4,-0.012459695992630103,0.0,5.115907697472721e-12,30.80000000000001,158.60000000000002,445.34000000000003,8.185452315956354e-12,0.0,181.5,3.240074875066057e-12,1.6768808563938364e-12,1.1368683772161603e-13,6.821210263296962e-13,7.105427357601002e-14,0.0,0.0,0.9999999999999858,1.9326762412674725e-12
138,6,4,-0.012459695992630103,0.0,5.229594535194337e-12,30.80000000000001,158.60000000000002,445.34000000000003,8.185452315956354e-12,0.0,181.5,3.240074875066057e-12,1.6768808563938364e-12,1.1368683772161603e-13,6.252776074688882e-13,7.105427357601002e-14,0.0,0.0,0.9999999999999716,1.9326762412674725e-12
139,7,3,-0.019652550317704676,0.0,5.229594535194337e-12,0.0,158.60000000000002,445.34000000000003,8.412825991399586e-12,0.0,181.5,3.240074875066057e-12,1.6768808563938364e-12,1.1368683772161603e-13,5.684341886080801e-13,7.105427357601002e-14,0.0,0.0,0.9999999999999716,1.9326762412674725e-12
140,8,4,-0.015975343702178558,0.0,5.229594535194337e-12,16.236375233666053,158.60000000000002,445.34000000000003,8.412825991399586e-12,0.0,181.5,3.211653165635653e-12,1.6768808563938364e-12,1.1368683772161603e-13,5.684341886080801e-13,7.105427357601002e-14,0.0,0.0,0.9999999999999645,1.8758328224066645e-12
141,9,4,-0.014780687320765387,0.0,5.172751116333529e-12,22.02000000000001,158.60000000000002,445.34000000000003,8.526512829121202e-12,0.0,181.49999999999994,3.211653165635653e-12,1.6768808563938364e-12,1.1368683772161603e-13,5.684341886080801e-13,7.105427357601002e-14,0.0,0.0,0.9999999999999716,1.9042545318370685e-12
142,10,4,-0.014780687320765387,0.0,5.229594535194337e-12,22.02000000000001,158.60000000000002,445.34000000000003,8.526512829121202e-12,0.0,181.5,3.183231456205249e-12,1.6768808563938364e-12,1.1368683772161603e-13,6.252776074688882e-13,7.105427357601002e-14,0.0,0.0,0.9999999999999716,1.8758328224066645e-12
143,11,1,0.012128323576903426,0.0,5.229594535194337e-12,0.0,191.77820807168223,445.34000000000003,8.526512829121202e-12,0.0,146.95797665240775,3.183231456205249e-12,1.7053025658242404e-12,5.684341886080802e-14,6.252776074688882e-13,7.105427357601002e-14,0.0,0.0,0.9999999999999574,1.8758328224066645e-12
144,12,1,0.13921261559834705,0.0,5.4569682106375694e-12,0.0,280.06423578216163,445.34,8.640199666842818e-12,0.0,335.47299999999996,3.183231456205249e-12,1.7621459846850485e-12,5.684341886080802e-14,5.684341886080801e-13,7.105427357601002e-14,0.0,0.0,1.0,1.9326762412674725e-12
145,1,1,0.22265531887098022,138.92049361744284,5.9117155615240335e-12,0.0,381.77499333197966,445.34,9.094947017729282e-12,0.0,375.404,3.296918293926865e-12,1.7053025658242404e-12,5.684341886080802e-14,5.684341886080801e-13,7.105427357601002e-14,0.0,0.0,0.9999999999999432,1.8189894035458565e-12
146,2,1,0.21878929559366267,329.99700434370334,5.9117155615240335e-12,0.0,439.4818326817742,445.34000000000003,9.094947017729282e-12,0.0,124.59989999999999,3.296918293926865e-12,1.8189894035458565e-12,1.1368683772161603e-13,6.821210263296962e-13,7.105427357601002e-14,0.0,0.0,0.9999999999999432,1.9326762412674725e-12
147,3,2,0.009905172314148194,0.0,5.9117155615240335e-12,0.0,158.60000000000002,445.34000000000003,9.094947017729282e-12,0.0,151.5525,3.410605131648481e-12,1.8758328224066645e-12,1.1368683772161603e-13,6.821210263296962e-13,7.105427357601002e-14,0.0,0.0,0.9999999999999147,1.8189894035458565e-12
148,4,4,-0.012459695992630103,0.0,5.9117155615240335e-12,30.80000000000001,158.60000000000002,445.34000000000003,8.86757334228605e-12,0.0,181.5,3.410605131648481e-12,1.9326762412674725e-12,5.684341886080802e-14,5.684341886080801e-13,7.105427357601002e-14,0.0,0.0,0.9999999999999147,1.8189894035458565e-12
149,5,4,-0.012459695992630103,0.0,5.9117155615240335e-12,30.80000000000001,158.60000000000002,445.34000000000003,8.981260180007666e-12,0.0,181.5,3.410605131648481e-12,1.9610979506978765e-12,5.684341886080802e-14,4.547473508864641e-13,7.105427357601002e-14,0.0,0.0,0.9999999999999005,1.8758328224066645e-12
150,6,4,-0.012459695992630103,0.0,5.9117155615240335e-12,30.80000000000001,158.60000000000002,445.34000000000003,9.094947017729282e-12,0.0,181.5,3.439026841078885e-12,1.9326762412674725e-12,1.1368683772161603e-13,3.979039320256561e-13,7.105427357601002e-14,0.0,0.0,0.9999999999998863,1.9326762412674725e-12
151,7,3,-0.027527242989677684,0.0,5.9117155615240335e-12,0.0,158.60000000000002,445.34000000000003,9.094947017729282e-12,0.0,147.48093392244272,3.439026841078885e-12,1.9326762412674725e-12,1.1368683772161603e-13,3.410605131648481e-13,7.105427357601002e-14,0.0,0.0,0.9999999999998721,1.9326762412674725e-12
152,8,4,-0.019041758274360422,0.0,5.9117155615240335e-12,26.409999999999997,158.60000000000002,445.34000000000003,9.094947017729282e-12,0.0,158.14661876097153,3.439026841078885e-12,1.9326762412674725e-12,1.1368683772161603e-13,3.979039320256561e-13,7.105427357601002e-14,0.0,0.0,0.9999999999998579,1.9610979506978765e-12
153,9,3,-0.03836392314748112,0.0,6.0254023992456496e-12,0.0,158.60000000000002,445.34000000000003,8.981260180007666e-12,0.0,103.19219814598563,3.439026841078885e-12,1.9326762412674725e-12,1.1368683772161603e-13,3.979039320256561e-13,7.105427357601002e-14,0.0,0.0,0.9999999999998579,1.9326762412674725e-12
154,10,4,-0.014780687320765387,0.0,6.0254023992456496e-12,22.019999999999982,158.60000000000002,445.34000000000003,8.981260180007666e-12,0.0,181.5,3.410605131648481e-12,1.9326762412674725e-12,5.684341886080802e-14,3.410605131648481e-13,7.105427357601002e-14,0.0,0.0,0.9999999999998437,2.0463630789890885e-12
155,11,1,-0.008885078805332873,0.0,6.0254023992456496e-12,0.0,158.60000000000002,445.34,8.981260180007666e-12,0.0,139.57349999999997,3.410605131648481e-12,1.9610979506978765e-12,5.684341886080802e-14,3.979039320256561e-13,7.105427357601002e-14,0.0,0.0,0.9999999999998437,2.1600499167107046e-12
156,12,1,0.06330636871771161,0.0,6.139089236967266e-12,0.0,225.41748810752335,445.34,9.094947017729282e-12,0.0,178.89103905201796,3.467448550509289e-12,1.9895196601282805e-12,5.684341886080802e-14,3.410605131648481e-13,7.105427357601002e-14,0.0,0.0,0.9999999999998295,2.2168933355715126e-12
157,1,1,0.08241904207120282,24.126204866683565,5.9117155615240335e-12,0.0,194.9566015292478,445.34000000000003,8.86757334228605e-12,0.0,112.62119999999999,3.524291969370097e-12,2.0463630789890885e-12,0.0,2.2737367544323206e-13,7.105427357601002e-14,0.0,0.0,0.9999999999998295,2.2737367544323206e-12
158,2,3,0.10077947986455493,104.41873121534582,5.9117155615240335e-12,24.215000000000003,158.60000000000002,445.34000000000003,9.094947017729282e-12,0.0,124.59989999999999,3.524291969370097e-12,2.1032064978498966e-12,0.0,2.2737367544323206e-13,7.105427357601002e-14,0.0,0.0,0.9999999999998295,2.2737367544323206e-12
159,3,4,0.10684866468116276,0.0,6.366462912410498e-12,26.410000000000053,334.10931926946887,445.34,9.549694368615746e-12,0.0,151.5525,3.637978807091713e-12,2.1032064978498966e-12,5.684341886080802e-14,4.547473508864641e-13,8.526512829121202e-14,0.0,0.0,0.9999999999998295,2.1600499167107046e-12
160,4,3,-0.01785216844900821,0.0,6.366462912410498e-12,7.385884594406377,158.60000000000002,445.34000000000003,9.549694368615746e-12,0.0,181.5,3.637978807091713e-12,2.1600499167107046e-12,5.684341886080802e-14,6.821210263296962e-13,8.526512829121202e-14,0.0,0.0,0.9999999999998579,2.2737367544323206e-12
161,5,4,-0.012459695992630103,0.0,6.480149750132114e-12,30.80000000000001,158.60000000000002,445.34000000000003,9.549694368615746e-12,0.0,181.5,3.694822225952521e-12,2.1884716261411086e-12,5.684341886080802e-14,5.684341886080801e-13,8.526512829121202e-14,0.0,0.0,0.9999999999998721,2.2737367544323206e-12
162,6,4,-0.012459695992630103,0.0,6.59383658785373e-12,30.799999999999955,158.60000000000002,445.34000000000003,9.43600753089413e-12,0.0,181.5,3.694822225952521e-12,2.1600499167107046e-12,1.1368683772161603e-13,5.684341886080801e-13,8.526512829121202e-14,0.0,0.0,0.9999999999998721,2.2168933355715126e-12
163,7,3,-0.020087329099792228,0.0,6.480149750132114e-12,0.0,158.60000000000002,445.34000000000003,9.43600753089413e-12,0.0,179.62173392244262,3.694822225952521e-12,2.1600499167107046e-12,1.1368683772161603e-13,5.684341886080801e-13,8.526512829121202e-14,0.0,0.0,0.9999999999998721,2.2168933355715126e-12
164,8,4,-0.014105866491317991,0.0,6.480149750132114e-12,24.271575233666084,158.60000000000002,445.34000000000003,9.379164112033322e-12,0.0,181.5,3.694822225952521e-12,2.1316282072803006e-12,1.1368683772161603e-13,5.684341886080801e-13,8.526512829121202e-14,0.0,0.0,0.9999999999998792,2.2168933355715126e-12
165,9,3,-0.03704365846271076,0.0,6.536993168992922e-12,0.0,158.60000000000002,443.18624,9.379164112033322e-12,0.0,108.80886816793571,3.694822225952521e-12,2.1458390619955026e-12,1.1368683772161603e-13,5.684341886080801e-13,8.526512829121202e-14,0.0,0.0,0.9999999999998863,2.2453150450019166e-12
166,10,4,-0.03847329827308276,0.0,6.480149750132114e-12,14.109470907940334,158.60000000000002,444.591872,9.379164112033322e-12,0.0,88.61742357871077,3.694822225952521e-12,2.1316282072803006e-12,1.1368683772161603e-13,5.115907697472721e-13,8.526512829121202e-14,0.0,0.0,0.9999999999998863,2.2168933355715126e-12
167,11,4,-0.026826014698277507,0.0,6.366462912410498e-12,17.629999999999995,158.60000000000002,445.34000000000003,9.43600753089413e-12,0.0,139.5734999999999,3.723243935382925e-12,2.1316282072803006e-12,1.1368683772161603e-13,5.115907697472721e-13,8.526512829121202e-14,0.0,0.0,0.9999999999998863,2.2168933355715126e-12
168,12,1,-0.017107446745991354,0.0,6.252776074688882e-12,0.0,158.60000000000002,445.34000000000003,9.43600753089413e-12,0.0,100.64189999999996,3.694822225952521e-12,2.1600499167107046e-12,1.1368683772161603e-13,3.410605131648481e-13,8.526512829121202e-14,0.0,0.0,0.9999999999998721,2.2737367544323206e-12
169,1,4,-0.010404571743771183,0.0,5.9117155615240335e-12,22.02000000000001,238.74345464646137,445.34000000000003,9.549694368615746e-12,0.0,112.62119999999999,3.751665644813329e-12,2.2168933355715126e-12,1.1368683772161603e-13,3.410605131648481e-13,8.526512829121202e-14,0.0,0.0,0.9999999999998863,2.2737367544323206e-12
170,2,3,0.10741207330355917,0.0,5.9117155615240335e-12,1.9263714650134318,379.0585948514147,445.34000000000003,1.000444171950221e-11,0.0,124.59989999999999,3.751665644813329e-12,2.2737367544323206e-12,1.1368683772161603e-13,4.547473508864641e-13,8.526512829121202e-14,0.0,0.0,0.9999999999999147,2.3874235921539366e-12
171,3,3,-0.022875504353040053,0.0,5.9117155615240335e-12,18.809841962240597,158.60000000000002,445.34000000000003,1.000444171950221e-11,0.0,151.5525,3.865352482534945e-12,2.3305801732931286e-12,1.1368683772161603e-13,2.2737367544323206e-13,8.526512829121202e-14,0.0,0.0,0.9999999999999147,2.2737367544323206e-12
172,4,4,-0.012459695992630103,0.0,6.139089236967266e-12,30.80000000000001,158.60000000000002,445.34000000000003,1.0459189070388675e-11,0.0,181.5,3.865352482534945e-12,2.3590018827235326e-12,5.684341886080802e-14,3.410605131648481e-13,8.526512829121202e-14,0.0,0.0,0.9999999999999147,2.2737367544323206e-12
173,5,4,-0.012459695992630103,0.0,6.139089236967266e-12,30.80000000000001,158.60000000000002,445.34000000000003,1.057287590811029e-11,0.0,181.5,3.922195901395753e-12,2.3590018827235326e-12,5.684341886080802e-14,3.410605131648481e-13,8.526512829121202e-14,0.0,0.0,0.9999999999999147,2.2737367544323206e-12
174,6,4,-0.012459695992630103,0.0,6.139089236967266e-12,30.799999999999955,158.60000000000002,445.34000000000003,1.057287590811029e-11,0.0,181.5,3.922195901395753e-12,2.3305801732931286e-12,1.1368683772161603e-13,3.410605131648481e-13,8.526512829121202e-14,0.0,0.0,0.9999999999999005,2.3305801732931286e-12
175,7,3,-0.013998680815072996,0.0,6.139089236967266e-12,0.0,158.60000000000002,445.34000000000003,1.0459189070388675e-11,0.0,181.5,3.979039320256561e-12,2.3305801732931286e-12,1.1368683772161603e-13,3.410605131648481e-13,8.526512829121202e-14,0.0,0.0,0.9999999999999005,2.3305801732931286e-12
176,8,4,-0.013608338568204504,0.0,6.0254023992456496e-12,26.409999999999997,158.60000000000002,445.34000000000003,1.0516032489249483e-11,0.0,181.5,3.950617610826157e-12,2.3163693185779266e-12,1.1368683772161603e-13,3.410605131648481e-13,8.526512829121202e-14,0.0,0.0,0.9999999999998934,2.3305801732931286e-12
177,9,3,-0.025574707190693484,0.0,6.0254023992456496e-12,0.0,158.60000000000002,445.34000000000003,1.0459189070388675e-11,0.0,157.6000806693517,3.922195901395753e-12,2.3163693185779266e-12,1.1368683772161603e-13,3.410605131648481e-13,8.526512829121202e-14,0.0,0.0,0.9999999999999005,2.3590018827235326e-12
178,10,4,-0.015380971532146907,0.0,6.0254023992456496e-12,19.466270907940356,158.60000000000002,445.34000000000003,1.0459189070388675e-11,0.0,181.5,3.922195901395753e-12,2.3163693185779266e-12,1.1368683772161603e-13,3.410605131648481e-13,8.526512829121202e-14,0.0,0.0,0.9999999999999147,2.3590018827235326e-12
179,11,1,-0.006966087016133946,0.0,6.0254023992456496e-12,0.0,158.60000000000002,445.34000000000003,1.0459189070388675e-11,0.0,139.57349999999997,3.922195901395753e-12,2.3021584638627246e-12,1.1368683772161603e-13,3.979039320256561e-13,8.526512829121202e-14,0.0,0.0,0.9999999999999147,2.3874235921539366e-12
180,12,1,0.06529177487939167,0.0,6.366462912410498e-12,0.0,230.77428810752338,445.34000000000003,1.0459189070388675e-11,0.0,200.31823905201793,3.922195901395753e-12,2.2737367544323206e-12,1.7053025658242404e-13,3.410605131648481e-13,8.526512829121202e-14,0.0,0.0,0.9999999999998863,2.3874235921539366e-12
181,1,1,0.20843293543694,106.9215713260678,6.821210263296962e-12,0.0,356.5344543651827,445.34,1.0913936421275139e-11,0.0,375.4039999999999,3.979039320256561e-12,2.4442670110147446e-12,1.7053025658242404e-13,4.547473508864641e-13,8.526512829121202e-14,0.0,0.0,0.9999999999998863,2.3874235921539366e-12
182,2,1,0.15449668037420852,131.80000000000018,7.048583938740194e-12,0.0,374.94815790563666,445.34000000000003,1.0913936421275139e-11,0.0,124.59989999999999,3.979039320256561e-12,2.4726887204451486e-12,2.2737367544323206e-13,4.547473508864641e-13,8.526512829121202e-14,0.0,0.0,0.9999999999999005,2.5011104298755527e-12
183,3,3,-0.02106519939737154,0.0,7.275957614183426e-12,26.409999999999997,158.60000000000002,445.34000000000003,1.1368683772161603e-11,0.0,151.5525,4.092726157978177e-12,2.5579538487363607e-12,2.2737367544323206e-13,4.547473508864641e-13,8.526512829121202e-14,0.0,0.0,0.9999999999999432,2.3874235921539366e-12
184,4,4,-0.012459695992630103,0.0,7.503331289626658e-12,30.80000000000001,158.60000000000002,445.34000000000003,1.1368683772161603e-11,0.0,181.5,4.092726157978177e-12,2.5579538487363607e-12,1.7053025658242404e-13,3.410605131648481e-13,8.526512829121202e-14,0.0,0.0,0.9999999999999432,2.3874235921539366e-12
185,5,4,-0.012459695992630103,0.0,7.503331289626658e-12,30.80000000000001,158.60000000000002,445.34000000000003,1.1254996934439987e-11,0.0,181.5,4.092726157978177e-12,2.5579538487363607e-12,1.7053025658242404e-13,3.410605131648481e-13,8.526512829121202e-14,0.0,0.0,0.9999999999999432,2.3874235921539366e-12
186,6,4,-0.012459695992630103,0.0,7.503331289626658e-12,30.80000000000001,158.60000000000002,445.34000000000003,1.1254996934439987e-11,0.0,181.5,4.092726157978177e-12,2.5579538487363607e-12,2.2737367544323206e-13,3.410605131648481e-13,8.526512829121202e-14,0.0,0.0,0.9999999999999432,2.4442670110147446e-12
187,7,3,-0.019652550317704676,0.0,7.503331289626658e-12,0.0,158.60000000000002,445.34000000000003,1.1254996934439987e-11,0.0,181.5,4.092726157978177e-12,2.5721647034515627e-12,2.2737367544323206e-13,3.410605131648481e-13,8.526512829121202e-14,0.0,0.0,0.999999999999936,2.4442670110147446e-12
188,8,4,-0.017844820913039232,0.0,7.44648787076585e-12,8.20117523366605,158.60000000000002,442.66366400000004,1.1311840353300795e-11,0.0,181.5,4.092726157978177e-12,2.5437429940211587e-12,2.2737367544323206e-13,3.979039320256561e-13,8.526512829121202e-14,0.0,0.0,0.999999999999929,2.4726887204451486e-12
189,9,4,-0.023092538801665657,0.0,7.44648787076585e-12,0.2947614131455225,158.60000000000002,443.101904,1.1311840353300795e-11,0.0,167.86496001680865,4.092726157978177e-12,2.5579538487363607e-12,2.2737367544323206e-13,3.979039320256561e-13,8.526512829121202e-14,0.0,0.0,0.999999999999936,2.4726887204451486e-12
190,10,4,-0.014780687320765387,0.0,7.389644451905042e-12,22.02000000000001,158.60000000000002,445.34000000000003,1.1027623258996755e-11,0.0,181.5,4.092726157978177e-12,2.5579538487363607e-12,2.2737367544323206e-13,3.410605131648481e-13,8.526512829121202e-14,0.0,0.0,0.9999999999999432,2.4442670110147446e-12
191,11,1,-0.0018806113445874021,0.0,7.389644451905042e-12,0.0,158.60000000000002,445.34000000000003,1.1027623258996755e-11,0.0,139.57349999999997,4.092726157978177e-12,2.5579538487363607e-12,1.7053025658242404e-13,3.979039320256561e-13,8.526512829121202e-14,0.0,0.0,0.9999999999999432,2.4442670110147446e-12
192,12,1,0.00802418268084554,0.0,7.275957614183426e-12,0.0,158.60000000000002,445.34000000000003,1.1027623258996755e-11,0.0,100.64189999999996,4.035882739117369e-12,2.5579538487363607e-12,1.7053025658242404e-13,3.410605131648481e-13,8.526512829121202e-14,0.0,0.0,0.9999999999999432,2.5579538487363607e-12
193,1,4,0.1983907050912059,71.21097062642639,7.503331289626658e-12,22.019999999999982,329.8090546464614,445.34,1.1368683772161603e-11,0.0,375.404,4.035882739117369e-12,2.6147972675971687e-12,1.7053025658242404e-13,3.410605131648481e-13,9.947598300641403e-14,0.0,0.0,0.9999999999999432,2.6147972675971687e-12
194,2,1,0.32657017766550267,400.05817718091157,8.185452315956354e-12,26.982371465013415,492.1499306911313,445.34000000000003,1.1823431123048067e-11,0.0,415.33299999999986,4.035882739117369e-12,2.6716406864579767e-12,2.2737367544323206e-13,6.821210263296962e-13,9.947598300641403e-14,0.0,0.0,0.9999999999999716,2.6147972675971687e-12
195,3,1,0.489135366438117,773.7654398018494,8.185452315956354e-12,37.2987809504192,737.2855597807168,445.34,1.2732925824820995e-11,0.0,505.1749999999997,4.092726157978177e-12,2.7284841053187847e-12,1.7053025658242404e-13,9.094947017729282e-13,1.1368683772161603e-13,0.0,0.0,1.0,2.5011104298755527e-12
196,4,1,0.35548591728770007,944.6747823570277,8.185452315956354e-12,20.845070506166053,396.5,445.34,1.318767317570746e-11,0.0,181.5,4.092726157978177e-12,2.8421709430404007e-12,2.2737367544323206e-13,1.1368683772161603e-12,1.1368683772161603e-13,0.0,0.0,1.0000000000000284,2.5011104298755527e-12
197,5,3,0.24059993665852844,351.5910000360532,8.412825991399586e-12,30.799999999999983,480.7939249352771,445.34000000000003,1.3642420526593924e-11,0.0,181.5,4.092726157978177e-12,2.8990143619012088e-12,2.2737367544323206e-13,1.1368683772161603e-12,1.1368683772161603e-13,0.0,0.0,1.0000000000000426,2.5011104298755527e-12
198,6,2,0.1938362405478032,252.19578314104683,8.640199666842818e-12,11.441173317514881,396.5,445.34000000000003,1.3642420526593924e-11,0.0,181.5,4.092726157978177e-12,2.9558577807620168e-12,2.2737367544323206e-13,1.1368683772161603e-12,1.1368683772161603e-13,0.0,0.0,1.0000000000000426,2.5011104298755527e-12
199,7,3,0.2219736360121008,287.03434695908527,8.526512829121202e-12,28.605000000000018,461.7978592949909,445.34000000000003,1.3642420526593924e-11,0.0,181.5,4.149569576838985e-12,2.9558577807620168e-12,2.2737367544323206e-13,1.1368683772161603e-12,1.1368683772161603e-13,0.0,0.0,1.0000000000000284,2.3874235921539366e-12
200,8,2,0.22912988424356368,406.82315546726113,8.526512829121202e-12,0.0,396.5,445.34000000000003,1.3983481039758772e-11,0.0,181.5,4.149569576838985e-12,2.9558577807620168e-12,2.2737367544323206e-13,1.1368683772161603e-12,1.1368683772161603e-13,0.0,0.0,1.0000000000000284,2.3874235921539366e-12
201,9,3,0.2695638385027878,485.2675570319225,8.412825991399586e-12,22.019999999999982,457.99092472663676,445.34000000000003,1.3983481039758772e-11,0.0,181.5,4.149569576838985e-12,2.9558577807620168e-12,2.2737367544323206e-13,1.1937117960769683e-12,1.1368683772161603e-13,0.0,0.0,1.0000000000000284,2.4442670110147446e-12
202,10,2,0.32531341713167683,641.398706010491,8.412825991399586e-12,0.0,531.2175343315362,445.34000000000003,1.3983481039758772e-11,0.0,211.3320988195522,4.149569576838985e-12,2.8990143619012088e-12,1.7053025658242404e-13,1.1937117960769683e-12,1.1368683772161603e-13,0.0,0.0,1.0000000000000426,2.3305801732931286e-12
203,11,1,0.42069986753705424,827.1248967429065,8.412825991399586e-12,0.0,608.755843923775,445.34,1.3869794202037156e-11,0.0,276.59700163693697,4.149569576838985e-12,2.9274360713316128e-12,1.7053025658242404e-13,1.1937117960769683e-12,1.1368683772161603e-13,0.0,0.0,1.0000000000000284,2.3874235921539366e-12
204,12,1,0.5676266121869047,1120.85032585413,8.412825991399586e-12,0.0,780.5643015334954,445.34,1.4097167877480388e-11,0.0,335.47299999999996,4.149569576838985e-12,3.0127011996228248e-12,1.7053025658242404e-13,1.1368683772161603e-12,1.1368683772161603e-13,0.0,0.0,1.0000000000000284,2.5011104298755527e-12
205,1,1,0.6329419770940494,1378.9368127806197,8.412825991399586e-12,0.0,793.0,445.34000000000003,1.4551915228366852e-11,0.0,375.404,4.149569576838985e-12,3.069544618483633e-12,1.1368683772161603e-13,1.1368683772161603e-12,1.1368683772161603e-13,0.0,0.0,1.0000000000000284,2.5011104298755527e-12
206,2,1,0.716198869749993,1713.4534681759292,8.640199666842818e-12,4.948037676631458,793.0,445.34000000000003,1.5006662579253316e-11,0.0,415.33299999999986,4.092726157978177e-12,3.126388037344441e-12,1.1368683772161603e-13,1.1368683772161603e-12,1.1368683772161603e-13,0.0,0.0,1.0000000000000284,2.5011104298755527e-12
207,3,1,0.6944007441143186,2057.6191928878907,8.185452315956354e-12,7.24203973281945,698.8715513758309,445.34,1.5006662579253316e-11,0.0,151.5525,4.092726157978177e-12,3.183231456205249e-12,5.684341886080802e-14,1.3642420526593924e-12,1.1368683772161603e-13,0.0,0.0,1.0,2.3874235921539366e-12
208,4,1,0.5412268563165897,1410.9070101266325,8.640199666842818e-12,123.19999999999999,634.4000000000001,445.34000000000003,1.546140993013978e-11,0.0,181.5,4.092726157978177e-12,3.211653165635653e-12,5.684341886080802e-14,1.3642420526593924e-12,1.1368683772161603e-13,0.0,0.0,1.0,2.5011104298755527e-12
209,5,2,0.4129837691515684,1054.4,8.86757334228605e-12,123.19999999999999,434.07552565611024,445.34000000000003,1.5234036254696548e-11,0.0,181.5,4.092726157978177e-12,3.211653165635653e-12,5.684341886080802e-14,1.1368683772161603e-12,1.1368683772161603e-13,0.0,0.0,1.0,2.6147972675971687e-12
210,6,2,0.35743739293589116,943.1931601276392,8.981260180007666e-12,30.80000000000001,396.5,445.34000000000003,1.5006662579253316e-11,0.0,181.5,4.092726157978177e-12,3.211653165635653e-12,5.684341886080802e-14,1.2505552149377763e-12,1.1368683772161603e-13,0.0,0.0,0.9999999999999858,2.6716406864579767e-12
211,7,3,0.33210030805660806,856.6899358199503,8.981260180007666e-12,0.0,396.5,445.34000000000003,1.5120349416974932e-11,0.0,181.5,4.092726157978177e-12,3.211653165635653e-12,5.684341886080802e-14,1.2505552149377763e-12,1.1368683772161603e-13,0.0,0.0,0.9999999999999858,2.6716406864579767e-12
212,8,3,0.3321231452514865,773.9413833104231,8.981260180007666e-12,26.409999999999997,445.64710729499086,445.34000000000003,1.5234036254696548e-11,0.0,181.5,4.092726157978177e-12,3.197442310920451e-12,5.684341886080802e-14,1.2505552149377763e-12,1.1368683772161603e-13,0.0,0.0,0.9999999999999716,2.6716406864579767e-12
213,9,2,0.3247393027896843,803.5059419278755,8.86757334228605e-12,0.0,396.5,445.34000000000003,1.5234036254696548e-11,0.0,181.5,4.092726157978177e-12,3.211653165635653e-12,1.1368683772161603e-13,1.3073986337985843e-12,1.1368683772161603e-13,0.0,0.0,0.9999999999999787,2.6147972675971687e-12
214,10,3,0.3206372329834135,712.2115610688252,8.86757334228605e-12,22.02000000000001,448.3233554892129,445.34000000000003,1.5234036254696548e-11,0.0,181.5,4.092726157978177e-12,3.225864020350855e-12,1.1368683772161603e-13,1.2505552149377763e-12,1.1368683772161603e-13,0.0,0.0,0.9999999999999858,2.7284841053187847e-12
215,11,1,0.3655040478064003,825.4130868760963,8.86757334228605e-12,0.0,505.06161074959937,445.34000000000003,1.5234036254696548e-11,0.0,157.32597665240786,4.092726157978177e-12,3.211653165635653e-12,5.684341886080802e-14,1.2505552149377763e-12,1.1368683772161603e-13,0.0,0.0,0.9999999999999858,2.7284841053187847e-12
216,12,1,0.42338719222091026,969.1457911036819,9.094947017729282e-12,0.0,585.6850243602848,445.34000000000003,1.546140993013978e-11,0.0,113.64200018600593,4.092726157978177e-12,3.296918293926865e-12,5.684341886080802e-14,1.2505552149377763e-12,1.1368683772161603e-13,0.0,0.0,1.0,2.7284841053187847e-12
217,1,2,0.554516542457557,1195.2688555582376,9.322320693172514e-12,88.08000000000001,706.4806392480755,445.34,1.5916157281026244e-11,0.0,241.88000003454056,4.092726157978177e-12,3.353761712787673e-12,5.684341886080802e-14,1.2505552149377763e-12,1.1368683772161603e-13,0.0,0.0,1.0,2.7284841053187847e-12
218,2,1,0.6003452302187176,1431.981340222379,9.549694368615746e-12,83.07188138752531,793.0,445.34000000000003,1.5916157281026244e-11,0.0,145.24735580997094,4.206412995699793e-12,3.353761712787673e-12,1.1368683772161603e-13,1.1368683772161603e-12,1.1368683772161603e-13,0.0,0.0,1.0000000000000284,2.8421709430404007e-12
219,3,1,0.3423550659932014,862.8382146826079,1.000444171950221e-11,26.409999999999997,396.5,445.34000000000003,1.6825651982799172e-11,0.0,151.5525,4.320099833421409e-12,3.410605131648481e-12,1.1368683772161603e-13,1.3642420526593924e-12,1.1368683772161603e-13,0.0,0.0,1.0000000000000284,2.7284841053187847e-12
220,4,3,0.1176112506641193,131.80000000000018,1.0231815394945443e-11,30.80000000000001,166.56805038360608,445.34000000000003,1.7280399333685637e-11,0.0,181.5,4.320099833421409e-12,3.410605131648481e-12,5.684341886080802e-14,1.5916157281026244e-12,1.1368683772161603e-13,0.0,0.0,1.0000000000000284,2.7284841053187847e-12
221,5,3,-0.012459695992630103,0.0,1.0459189070388675e-11,30.80000000000001,158.60000000000002,445.34000000000003,1.7280399333685637e-11,0.0,181.5,4.320099833421409e-12,3.382183422218077e-12,5.684341886080802e-14,1.5916157281026244e-12,1.1368683772161603e-13,0.0,0.0,1.0000000000000284,2.8421709430404007e-12
222,6,4,-0.012459695992630103,0.0,1.0459189070388675e-11,30.80000000000001,158.60000000000002,445.34000000000003,1.716671249596402e-11,0.0,181.5,4.320099833421409e-12,3.382183422218077e-12,1.1368683772161603e-13,1.5916157281026244e-12,1.1368683772161603e-13,0.0,0.0,1.0000000000000284,2.8421709430404007e-12
223,7,3,-0.020087329099792228,0.0,1.0459189070388675e-11,0.0,158.60000000000002,445.34000000000003,1.7394086171407253e-11,0.0,179.62173392244262,4.320099833421409e-12,3.382183422218077e-12,1.1368683772161603e-13,1.6484591469634324e-12,1.1368683772161603e-13,0.0,0.0,1.0000000000000284,2.8990143619012088e-12
224,8,4,-0.013608338568204504,0.0,1.057287590811029e-11,26.409999999999997,158.60000000000002,445.34000000000003,1.7337242752546445e-11,0.0,181.5,4.320099833421409e-12,3.353761712787673e-12,1.1368683772161603e-13,1.7053025658242404e-12,1.1368683772161603e-13,0.0,0.0,1.0000000000000284,2.9274360713316128e-12
225,9,3,-0.034713910801243086,0.0,1.0629719326971099e-11,0.0,158.60000000000002,445.3400000000001,1.722355591482483e-11,0.0,118.72008066935172,4.320099833421409e-12,3.353761712787673e-12,1.1368683772161603e-13,1.8189894035458565e-12,1.1368683772161603e-13,0.0,0.0,1.0000000000000213,3.0127011996228248e-12
226,10,4,-0.020404681562289202,0.0,1.057287590811029e-11,22.02000000000001,158.60000000000002,445.34000000000003,1.716671249596402e-11,0.0,157.57440369770922,4.320099833421409e-12,3.353761712787673e-12,1.1368683772161603e-13,1.8189894035458565e-12,1.1368683772161603e-13,0.0,0.0,1.0000000000000284,3.0411229090532288e-12
227,11,1,-0.01604180836188424,0.0,1.057287590811029e-11,0.0,158.60000000000002,445.34,1.716671249596402e-11,0.0,139.57349999999997,4.320099833421409e-12,3.382183422218077e-12,1.1368683772161603e-13,1.8758328224066645e-12,1.1368683772161603e-13,0.0,0.0,1.0000000000000284,3.183231456205249e-12
228,12,1,0.03891032710812023,0.0,1.0459189070388675e-11,0.0,236.1310881075234,445.34000000000003,1.7280399333685637e-11,0.0,103.895839052018,4.320099833421409e-12,3.524291969370097e-12,1.1368683772161603e-13,1.9326762412674725e-12,1.1368683772161603e-13,0.0,0.0,1.0000000000000284,3.183231456205249e-12
229,1,3,0.22453272698893192,131.80000000000018,1.0459189070388675e-11,2.4131093302484317,394.03820184031497,445.34,1.77351466845721e-11,0.0,375.4040000000001,4.320099833421409e-12,3.581135388230905e-12,5.684341886080802e-14,2.0463630789890885e-12,1.2789769243681803e-13,0.0,0.0,1.0000000000000284,3.183231456205249e-12
230,2,1,0.39647670352524417,598.4886069202289,1.0913936421275139e-11,29.913023003725414,576.4606789279961,445.34000000000003,1.77351466845721e-11,0.0,415.3330000000001,4.433786671143025e-12,3.581135388230905e-12,1.1368683772161603e-13,2.0463630789890885e-12,1.4210854715202004e-13,0.0,0.0,1.0,3.296918293926865e-12
231,3,1,0.32642636350333454,795.9651412369622,1.1368683772161603e-11,26.409999999999997,396.5,445.34,1.8189894035458565e-11,0.0,151.5525,4.547473508864641e-12,3.637978807091713e-12,1.7053025658242404e-13,2.2737367544323206e-12,1.5631940186722204e-13,0.0,0.0,1.0000000000000284,3.183231456205249e-12
232,4,3,0.22519970743902706,244.90092087290304,1.1368683772161603e-11,30.80000000000001,520.6162088273524,445.34000000000003,1.864464138634503e-11,0.0,181.5,4.547473508864641e-12,3.694822225952521e-12,2.2737367544323206e-13,2.5011104298755527e-12,1.5631940186722204e-13,0.0,0.0,1.0000000000000284,3.183231456205249e-12
233,5,2,0.12783171758944636,131.80000000000018,1.1368683772161603e-11,10.94706724563784,230.79825052773822,445.34000000000003,1.864464138634503e-11,0.0,181.5,4.547473508864641e-12,3.666400516522117e-12,2.2737367544323206e-13,2.5011104298755527e-12,1.7053025658242404e-13,0.0,0.0,1.0000000000000284,3.296918293926865e-12
234,6,3,0.064034754293082,0.0,1.1482370609883219e-11,30.80000000000001,158.60000000000002,445.34000000000003,1.8189894035458565e-11,0.0,181.5,4.547473508864641e-12,3.666400516522117e-12,2.2737367544323206e-13,2.5011104298755527e-12,1.7053025658242404e-13,0.0,0.0,1.0000000000000284,3.296918293926865e-12
235,7,3,0.029831103310637857,0.0,1.1368683772161603e-11,0.0,158.60000000000002,445.34000000000003,1.830358087318018e-11,0.0,181.5,4.547473508864641e-12,3.666400516522117e-12,2.2737367544323206e-13,2.3874235921539366e-12,1.7053025658242404e-13,0.0,0.0,1.0000000000000142,3.296918293926865e-12
236,8,4,0.0003169190299390011,0.0,1.1368683772161603e-11,26.409999999999997,178.89452486282914,445.34000000000003,1.830358087318018e-11,0.0,181.5,4.547473508864641e-12,3.623767952376511e-12,2.2737367544323206e-13,2.3874235921539366e-12,1.7053025658242404e-13,0.0,0.0,1.0000000000000213,3.296918293926865e-12
237,9,3,-0.030728579292436855,0.0,1.1254996934439987e-11,0.0,158.60000000000002,445.34000000000003,1.830358087318018e-11,0.0,129.08808066935165,4.547473508864641e-12,3.637978807091713e-12,1.7053025658242404e-13,2.4442670110147446e-12,1.7053025658242404e-13,0.0,0.0,1.0000000000000142,3.353761712787673e-12
238,10,4,-0.0133071738191933,0.0,1.1254996934439987e-11,22.02000000000001,164.86862113838788,445.34000000000003,1.830358087318018e-11,0.0,181.5,4.547473508864641e-12,3.637978807091713e-12,1.7053025658242404e-13,2.4442670110147446e-12,1.7053025658242404e-13,0.0,0.0,1.0000000000000142,3.410605131648481e-12
239,11,1,0.03404623717269053,0.0,1.1254996934439987e-11,0.0,213.60406166944506,445.34000000000003,1.8417267710901797e-11,0.0,180.65397665240783,4.547473508864641e-12,3.694822225952521e-12,1.7053025658242404e-13,2.5011104298755527e-12,1.7053025658242404e-13,0.0,0.0,1.0000000000000568,3.410605131648481e-12
240,12,1,0.1614782582787295,6.99433705447791,1.1596057447604835e-11,0.0,293.8818232573658,445.34000000000003,1.8189894035458565e-11,0.0,335.47299999999996,4.604316927725449e-12,3.751665644813329e-12,1.1368683772161603e-13,2.6147972675971687e-12,1.7053025658242404e-13,0.0,0.0,1.0000000000000568,3.524291969370097e-12
241,1,1,0.2612000051156224,338.822616670705,1.1368683772161603e-11,0.0,371.5025914853609,445.34,1.864464138634503e-11,0.0,340.9013772322887,4.661160346586257e-12,3.808509063674137e-12,1.7053025658242404e-13,2.5011104298755527e-12,1.7053025658242404e-13,0.0,0.0,1.0000000000000568,3.524291969370097e-12
242,2,1,0.3211451806134975,690.3653239059008,1.1368683772161603e-11,0.0,486.2610102708196,445.34000000000003,1.864464138634503e-11,0.0,135.72798693226673,4.661160346586257e-12,3.865352482534945e-12,2.2737367544323206e-13,2.5011104298755527e-12,1.7053025658242404e-13,0.0,0.0,1.0000000000000568,3.524291969370097e-12
243,3,2,0.2594553517863261,514.8024170207382,1.1823431123048067e-11,26.409999999999997,396.5,445.34,1.9099388737231493e-11,0.0,151.5525,4.774847184307873e-12,3.865352482534945e-12,2.8421709430404007e-13,2.7284841053187847e-12,1.8474111129762605e-13,0.0,0.0,1.0000000000000284,3.410605131648481e-12
244,4,3,0.15693337432973808,131.80000000000018,1.2278178473934531e-11,30.80000000000001,337.30471133972253,445.34000000000003,1.9554136088117957e-11,0.0,181.5,4.774847184307873e-12,3.922195901395753e-12,3.410605131648481e-13,2.7284841053187847e-12,1.8474111129762605e-13,0.0,0.0,1.0000000000000284,3.410605131648481e-12
245,5,3,0.023324309949029225,0.0,1.2505552149377763e-11,30.80000000000001,158.60000000000002,445.34000000000003,1.9554136088117957e-11,0.0,181.5,4.774847184307873e-12,3.950617610826157e-12,3.410605131648481e-13,2.7284841053187847e-12,1.8474111129762605e-13,0.0,0.0,1.0000000000000426,3.524291969370097e-12
246,6,4,-0.012459695992630103,0.0,1.2505552149377763e-11,30.80000000000001,158.60000000000002,445.34000000000003,1.9667822925839573e-11,0.0,181.5,4.774847184307873e-12,3.979039320256561e-12,3.410605131648481e-13,2.7284841053187847e-12,1.8474111129762605e-13,0.0,0.0,1.0000000000000426,3.581135388230905e-12
247,7,3,-0.019652550317704676,0.0,1.2505552149377763e-11,0.0,158.60000000000002,445.34000000000003,1.978150976356119e-11,0.0,181.5,4.774847184307873e-12,3.979039320256561e-12,3.410605131648481e-13,2.7284841053187847e-12,1.8474111129762605e-13,0.0,0.0,1.0000000000000284,3.637978807091713e-12
248,8,4,-0.013608338568204504,0.0,1.2505552149377763e-11,26.409999999999997,158.60000000000002,445.34000000000003,1.978150976356119e-11,0.0,181.5,4.774847184307873e-12,3.979039320256561e-12,3.410605131648481e-13,2.6716406864579767e-12,1.8474111129762605e-13,0.0,0.0,1.0000000000000284,3.637978807091713e-12
249,9,3,-0.027402547912803468,0.0,1.2505552149377763e-11,0.0,158.60000000000002,445.34000000000003,2.000888343900442e-11,0.0,149.82408066935164,4.774847184307873e-12,3.993250174971763e-12,3.410605131648481e-13,2.7284841053187847e-12,1.8474111129762605e-13,0.0,0.0,1.0000000000000213,3.637978807091713e-12
250,10,4,-0.014780687320765387,0.0,1.2562395568238571e-11,22.02000000000001,158.60000000000002,445.34000000000003,2.000888343900442e-11,0.0,181.5,4.774847184307873e-12,4.007461029686965e-12,3.410605131648481e-13,2.7284841053187847e-12,1.8474111129762605e-13,0.0,0.0,1.0000000000000142,3.637978807091713e-12
251,11,1,-0.024167553265140987,0.0,1.261923898709938e-11,0.0,158.60000000000002,445.34,2.000888343900442e-11,0.0,139.57349999999997,4.774847184307873e-12,4.021671884402167e-12,3.410605131648481e-13,2.7853275241795927e-12,1.8474111129762605e-13,0.0,0.0,1.000000000000007,3.637978807091713e-12
252,12,1,-0.003479927453258922,0.0,1.261923898709938e-11,0.0,158.60000000000002,445.34000000000003,2.0236257114447653e-11,0.0,100.64189999999996,4.774847184307873e-12,4.035882739117369e-12,3.979039320256561e-13,2.8421709430404007e-12,1.8474111129762605e-13,0.0,0.0,1.0000000000000142,3.637978807091713e-12
253,1,4,0.1054442521440409,0.0,1.2732925824820995e-11,22.019999999999982,262.84905464646135,445.34,2.0463630789890885e-11,0.0,164.57388177796327,4.774847184307873e-12,4.092726157978177e-12,3.979039320256561e-13,2.7284841053187847e-12,1.9895196601282805e-13,0.0,0.0,1.0,3.637978807091713e-12
254,2,1,0.2001252974040396,274.7375542465388,1.2732925824820995e-11,21.971171465013413,396.5,445.34000000000003,2.091837814077735e-11,0.0,124.59989999999999,4.888534022029489e-12,4.092726157978177e-12,4.547473508864641e-13,2.7284841053187847e-12,1.9895196601282805e-13,0.0,0.0,1.0000000000000284,3.865352482534945e-12
255,3,3,0.1978027984069004,131.80000000000018,1.318767317570746e-11,26.409999999999997,520.6680434817297,445.34,2.091837814077735e-11,0.0,151.5525,5.002220859751105e-12,4.092726157978177e-12,3.979039320256561e-13,2.9558577807620168e-12,1.9895196601282805e-13,0.0,0.0,1.0,3.751665644813329e-12
256,4,2,0.029927563778128906,0.0,1.3642420526593924e-11,7.3858845944063205,158.60000000000002,445.34,2.091837814077735e-11,0.0,181.5,5.002220859751105e-12,4.149569576838985e-12,3.979039320256561e-13,3.183231456205249e-12,1.9895196601282805e-13,0.0,0.0,0.9999999999999716,3.751665644813329e-12
257,5,4,-0.012459695992630103,0.0,1.3528733688872308e-11,30.80000000000001,158.60000000000002,445.34000000000003,2.0804691303055733e-11,0.0,181.5,5.002220859751105e-12,4.177991286269389e-12,3.979039320256561e-13,3.183231456205249e-12,1.9895196601282805e-13,0.0,0.0,0.9999999999999574,3.751665644813329e-12
258,6,4,-0.012459695992630103,0.0,1.3415046851150692e-11,30.80000000000001,158.60000000000002,445.34000000000003,2.091837814077735e-11,0.0,181.5,5.002220859751105e-12,4.149569576838985e-12,3.979039320256561e-13,3.183231456205249e-12,1.9895196601282805e-13,0.0,0.0,0.9999999999999432,3.808509063674137e-12
259,7,3,-0.019652550317704676,0.0,1.3301360013429075e-11,0.0,158.60000000000002,445.34000000000003,2.1032064978498966e-11,0.0,181.5,5.002220859751105e-12,4.149569576838985e-12,3.979039320256561e-13,3.183231456205249e-12,1.9895196601282805e-13,0.0,0.0,0.999999999999929,3.865352482534945e-12
260,8,4,-0.013608338568204504,0.0,1.318767317570746e-11,26.409999999999997,158.60000000000002,445.34000000000003,2.1259438653942198e-11,0.0,181.5,5.030642569181509e-12,4.149569576838985e-12,3.979039320256561e-13,3.296918293926865e-12,1.9895196601282805e-13,0.0,0.0,0.999999999999929,3.893774191965349e-12
261,9,3,-0.01674826307859656,0.0,1.318767317570746e-11,0.0,158.60000000000002,445.34000000000003,2.1373125491663814e-11,0.0,180.9280806693517,5.059064278611913e-12,4.149569576838985e-12,4.547473508864641e-13,3.353761712787673e-12,1.9895196601282805e-13,0.0,0.0,0.999999999999929,3.922195901395753e-12
262,10,4,-0.014780687320765387,0.0,1.318767317570746e-11,22.02000000000001,158.60000000000002,445.34000000000003,2.1259438653942198e-11,0.0,181.5,5.030642569181509e-12,4.149569576838985e-12,4.547473508864641e-13,3.353761712787673e-12,1.9895196601282805e-13,0.0,0.0,0.999999999999929,3.950617610826157e-12
263,11,1,0.01785925149933161,0.0,1.318767317570746e-11,0.0,191.77820807168223,445.34000000000003,2.114575181622058e-11,0.0,157.32597665240775,5.002220859751105e-12,4.206412995699793e-12,3.979039320256561e-13,3.410605131648481e-12,1.9895196601282805e-13,0.0,0.0,0.999999999999929,3.979039320256561e-12
264,12,1,0.05359152098046604,0.0,1.3415046851150692e-11,0.0,215.3907359681674,445.34000000000003,2.114575181622058e-11,0.0,100.64189999999996,5.002220859751105e-12,4.263256414560601e-12,3.410605131648481e-13,3.410605131648481e-12,1.9895196601282805e-13,0.0,0.0,0.9999999999999432,3.979039320256561e-12
265,1,3,-0.038209672305647965,0.0,1.3415046851150692e-11,0.0,158.60000000000002,445.34000000000003,2.114575181622058e-11,0.0,112.62119999999999,5.002220859751105e-12,4.320099833421409e-12,3.410605131648481e-13,3.410605131648481e-12,1.9895196601282805e-13,0.0,0.0,0.9999999999999574,3.865352482534945e-12
266,2,4,-0.028774156163135937,0.0,1.3301360013429075e-11,24.214999999999975,158.60000000000002,445.34000000000003,2.114575181622058e-11,0.0,124.59989999999999,5.002220859751105e-12,4.320099833421409e-12,3.410605131648481e-13,3.296918293926865e-12,1.9895196601282805e-13,0.0,0.0,0.9999999999999716,3.808509063674137e-12
267,3,4,-0.02106519939737154,0.0,1.318767317570746e-11,26.409999999999997,158.60000000000002,445.34000000000003,2.1373125491663814e-11,0.0,151.5525,5.002220859751105e-12,4.376943252282217e-12,2.8421709430404007e-13,3.410605131648481e-12,1.9895196601282805e-13,0.0,0.0,0.9999999999999716,3.865352482534945e-12
268,4,4,-0.012459695992630103,0.0,1.318767317570746e-11,30.80000000000001,158.60000000000002,445.34000000000003,2.1373125491663814e-11,0.0,181.5,5.002220859751105e-12,4.405364961712621e-12,2.8421709430404007e-13,3.524291969370097e-12,1.9895196601282805e-13,0.0,0.0,0.9999999999999574,3.922195901395753e-12
269,5,4,-0.012459695992630103,0.0,1.318767317570746e-11,30.80000000000001,158.60000000000002,445.34000000000003,2.1373125491663814e-11,0.0,181.5,5.002220859751105e-12,4.405364961712621e-12,2.8421709430404007e-13,3.524291969370097e-12,1.9895196601282805e-13,0.0,0.0,0.9999999999999574,3.922195901395753e-12
270,6,4,-0.012459695992630103,0.0,1.318767317570746e-11,30.799999999999955,158.60000000000002,445.34000000000003,2.1373125491663814e-11,0.0,181.5,5.030642569181509e-12,4.405364961712621e-12,3.410605131648481e-13,3.524291969370097e-12,1.9895196601282805e-13,0.0,0.0,0.9999999999999574,3.950617610826157e-12
271,7,3,-0.030007214286306313,0.0,1.3073986337985843e-11,0.0,158.60000000000002,445.34000000000003,2.1373125491663814e-11,0.0,136.76733392244256,5.030642569181509e-12,4.405364961712621e-12,3.410605131648481e-13,3.581135388230905e-12,1.9895196601282805e-13,0.0,0.0,0.9999999999999503,4.035882739117369e-12
272,8,4,-0.03212004771999163,0.0,1.3073986337985843e-11,26.409999999999997,158.60000000000002,445.34000000000003,2.148681232938543e-11,0.0,101.9348228947037,5.030642569181509e-12,4.391154106997419e-12,3.410605131648481e-13,3.609557097661309e-12,1.9895196601282805e-13,0.0,0.0,0.9999999999999432,4.035882739117369e-12
273,9,3,-0.050329433089059405,0.0,1.3073986337985843e-11,0.0,158.60000000000002,445.34000000000003,2.142996891052462e-11,0.0,52.28852575252341,5.059064278611913e-12,4.405364961712621e-12,3.410605131648481e-13,3.637978807091713e-12,1.9895196601282805e-13,0.0,0.0,0.9999999999999503,4.035882739117369e-12
274,10,4,-0.036014257263879516,0.0,1.3073986337985843e-11,22.02000000000001,158.60000000000002,445.34000000000003,2.1600499167107046e-11,0.0,91.1681467480035,5.087485988042317e-12,4.405364961712621e-12,3.410605131648481e-13,3.637978807091713e-12,1.9895196601282805e-13,0.0,0.0,0.9999999999999645,4.035882739117369e-12
275,11,3,0.005834690965347652,0.0,1.3073986337985843e-11,0.0,158.60000000000002,445.34,2.1600499167107046e-11,0.0,139.57349999999997,5.115907697472721e-12,4.433786671143025e-12,2.8421709430404007e-13,3.694822225952521e-12,1.9895196601282805e-13,0.0,0.0,0.9999999999999432,4.035882739117369e-12
276,12,1,0.07241850174184024,0.0,1.2960299500264227e-11,0.0,212.0254881075233,445.34000000000003,2.1827872842550278e-11,0.0,197.63983905201798,5.115907697472721e-12,4.490630090003833e-12,2.2737367544323206e-13,3.524291969370097e-12,1.9895196601282805e-13,0.0,0.0,0.999999999999929,4.149569576838985e-12
277,1,1,0.008832306847281611,0.0,1.2960299500264227e-11,0.0,158.60000000000002,445.34000000000003,2.1827872842550278e-11,0.0,112.62119999999999,5.229594535194337e-12,4.462208380573429e-12,2.2737367544323206e-13,3.524291969370097e-12,1.9895196601282805e-13,0.0,0.0,0.999999999999929,4.206412995699793e-12
278,2,4,-0.028774156163135826,0.0,1.2960299500264227e-11,24.215000000000032,158.60000000000002,445.34000000000003,2.1827872842550278e-11,0.0,124.59990000000005,5.343281372915953e-12,4.433786671143025e-12,2.2737367544323206e-13,3.637978807091713e-12,1.9895196601282805e-13,0.0,0.0,0.999999999999929,4.320099833421409e-12
279,3,4,-0.02106519939737154,0.0,1.2846612662542611e-11,26.409999999999997,158.60000000000002,445.34000000000003,2.1600499167107046e-11,0.0,151.5525,5.4001247917767614e-12,4.433786671143025e-12,2.2737367544323206e-13,3.751665644813329e-12,1.9895196601282805e-13,0.0,0.0,0.999999999999929,4.320099833421409e-12
280,4,4,-0.012459695992630103,0.0,1.2846612662542611e-11,30.80000000000001,158.60000000000002,445.34000000000003,2.1600499167107046e-11,0.0,181.5,5.4569682106375694e-12,4.419575816427823e-12,1.7053025658242404e-13,3.637978807091713e-12,1.9895196601282805e-13,0.0,0.0,0.999999999999929,4.320099833421409e-12
281,5,4,-0.012459695992630103,0.0,1.2960299500264227e-11,30.80000000000001,158.60000000000002,445.34000000000003,2.1600499167107046e-11,0.0,181.5,5.5138116294983774e-12,4.419575816427823e-12,1.7053025658242404e-13,3.637978807091713e-12,1.9895196601282805e-13,0.0,0.0,0.999999999999929,4.320099833421409e-12
282,6,4,-0.012459695992630103,0.0,1.2960299500264227e-11,30.799999999999955,158.60000000000002,445.34000000000003,2.1600499167107046e-11,0.0,181.5,5.5138116294983774e-12,4.433786671143025e-12,1.7053025658242404e-13,3.637978807091713e-12,1.9895196601282805e-13,0.0,0.0,0.999999999999929,4.376943252282217e-12
283,7,3,-0.023187293220577828,0.0,1.290345608140342e-11,0.0,158.60000000000002,445.34000000000003,2.1543655748246238e-11,0.0,166.22973392244256,5.5138116294983774e-12,4.433786671143025e-12,1.7053025658242404e-13,3.581135388230905e-12,1.9895196601282805e-13,0.0,0.0,0.999999999999929,4.376943252282217e-12
284,8,4,-0.024664063445019185,0.0,1.290345608140342e-11,10.87957523366606,158.60000000000002,445.34000000000003,2.1543655748246238e-11,0.0,149.511813673297,5.5138116294983774e-12,4.419575816427823e-12,1.7053025658242404e-13,3.552713678800501e-12,1.9895196601282805e-13,0.0,0.0,0.999999999999936,4.348521542851813e-12
285,9,4,-0.031185564656017146,0.0,1.290345608140342e-11,22.02000000000001,158.60000000000002,445.34000000000003,2.1543655748246238e-11,0.0,111.71037084037181,5.4853899200679734e-12,4.433786671143025e-12,2.2737367544323206e-13,3.552713678800501e-12,1.9895196601282805e-13,0.0,0.0,0.9999999999999432,4.348521542851813e-12
286,10,4,-0.014780687320765387,0.0,1.2846612662542611e-11,22.02000000000001,158.60000000000002,445.34000000000003,2.1600499167107046e-11,0.0,181.5,5.4853899200679734e-12,4.433786671143025e-12,2.2737367544323206e-13,3.581135388230905e-12,1.9895196601282805e-13,0.0,0.0,0.9999999999999432,4.376943252282217e-12
287,11,1,-0.03115713006489306,0.0,1.2960299500264227e-11,0.0,158.60000000000002,445.34000000000003,2.1600499167107046e-11,0.0,139.57349999999997,5.4001247917767614e-12,4.433786671143025e-12,2.2737367544323206e-13,3.524291969370097e-12,1.9895196601282805e-13,0.0,0.0,0.999999999999936,4.376943252282217e-12
288,12,1,-0.04206233142583955,0.0,1.2846612662542611e-11,0.0,158.60000000000002,445.34000000000003,2.1600499167107046e-11,0.0,100.64189999999996,5.4001247917767614e-12,4.433786671143025e-12,2.2737367544323206e-13,3.524291969370097e-12,1.9895196601282805e-13,0.0,0.0,0.9999999999999147,4.376943252282217e-12
289,1,4,0.013045004128788146,0.0,1.2960299500264227e-11,22.02000000000001,225.35145464646132,445.34,2.1373125491663814e-11,0.0,112.62119999999999,5.4569682106375694e-12,4.433786671143025e-12,2.8421709430404007e-13,3.410605131648481e-12,1.9895196601282805e-13,0.0,0.0,0.9999999999999147,4.433786671143025e-12
290,2,3,-0.03469978952561406,0.0,1.2732925824820995e-11,0.0,158.60000000000002,445.34000000000003,2.1373125491663814e-11,0.0,124.59989999999999,5.5138116294983774e-12,4.433786671143025e-12,2.8421709430404007e-13,3.410605131648481e-12,1.9895196601282805e-13,0.0,0.0,0.9999999999999147,4.376943252282217e-12
291,3,4,-0.02106519939737154,0.0,1.2732925824820995e-11,26.409999999999997,158.60000000000002,445.34000000000003,2.1373125491663814e-11,0.0,151.5525,5.5138116294983774e-12,4.433786671143025e-12,2.8421709430404007e-13,3.524291969370097e-12,1.9895196601282805e-13,0.0,0.0,0.9999999999999147,4.433786671143025e-12
292,4,4,-0.012459695992630103,0.0,1.2846612662542611e-11,30.80000000000001,158.60000000000002,445.3400000000001,2.1259438653942198e-11,0.0,181.5,5.5138116294983774e-12,4.405364961712621e-12,2.8421709430404007e-13,3.467448550509289e-12,1.9895196601282805e-13,0.0,0.0,0.9999999999999147,4.433786671143025e-12
293,5,4,-0.012459695992630103,0.0,1.290345608140342e-11,30.80000000000001,158.60000000000002,445.34000000000003,2.114575181622058e-11,0.0,181.5,5.5422333389287814e-12,4.405364961712621e-12,2.8421709430404007e-13,3.467448550509289e-12,1.9895196601282805e-13,0.0,0.0,0.9999999999999147,4.490630090003833e-12
294,6,4,-0.012459695992630103,0.0,1.290345608140342e-11,30.80000000000001,158.60000000000002,445.34000000000003,2.1088908397359774e-11,0.0,181.5,5.5422333389287814e-12,4.433786671143025e-12,2.8421709430404007e-13,3.410605131648481e-12,1.9895196601282805e-13,0.0,0.0,0.9999999999999147,4.462208380573429e-12
295,7,3,-0.033727171231248985,0.0,1.2846612662542611e-11,0.0,158.60000000000002,445.34000000000003,2.1032064978498966e-11,0.0,120.69693392244261,5.5422333389287814e-12,4.433786671143025e-12,2.8421709430404007e-13,3.296918293926865e-12,1.9895196601282805e-13,0.0,0.0,0.9999999999999183,4.462208380573429e-12
296,8,4,-0.04830994889361263,0.0,1.2789769243681803e-11,5.522775233666039,158.60000000000002,445.34000000000003,2.1032064978498966e-11,0.0,53.23623342669731,5.5422333389287814e-12,4.426681243785424e-12,2.8421709430404007e-13,3.325340003357269e-12,1.9895196601282805e-13,0.0,0.0,0.9999999999999218,4.462208380573429e-12
297,9,4,-0.0525855254184128,0.0,1.2818190953112207e-11,7.987990451171527,158.60000000000002,443.18624,2.1032064978498966e-11,0.0,34.70266731381656,5.5422333389287814e-12,4.433786671143025e-12,3.410605131648481e-13,3.325340003357269e-12,1.9895196601282805e-13,0.0,0.0,0.9999999999999254,4.462208380573429e-12
298,10,4,-0.05841553586619875,0.0,1.2846612662542611e-11,16.740993275575335,158.60000000000002,444.591872,2.114575181622058e-11,0.0,1.1476340424416662,5.5422333389287814e-12,4.447997525858227e-12,3.410605131648481e-13,3.353761712787673e-12,1.9895196601282805e-13,0.0,0.0,0.9999999999999254,4.462208380573429e-12
299,11,4,-0.027087112844449625,0.0,1.290345608140342e-11,17.629999999999995,158.60000000000002,445.34000000000003,2.120259523508139e-11,0.0,138.51068824658984,5.5422333389287814e-12,4.447997525858227e-12,2.8421709430404007e-13,3.353761712787673e-12,1.9895196601282805e-13,0.0,0.0,0.9999999999999218,4.462208380573429e-12
300,12,1,-0.0031046502763953997,0.0,1.2505552149377763e-11,0.0,158.60000000000002,445.34000000000003,2.1373125491663814e-11,0.0,100.64189999999996,5.5138116294983774e-12,4.433786671143025e-12,2.2737367544323206e-13,3.296918293926865e-12,1.9895196601282805e-13,0.0,0.0,0.999999999999929,4.490630090003833e-12
301,1,4,-0.03273832655337024,0.0,1.2846612662542611e-11,22.02000000000001,158.60000000000002,445.34000000000003,2.1373125491663814e-11,0.0,112.62119999999999,5.5706550483591855e-12,4.462208380573429e-12,2.2737367544323206e-13,3.296918293926865e-12,1.9895196601282805e-13,0.0,0.0,0.999999999999929,4.320099833421409e-12
302,2,4,-0.028774156163135937,0.0,1.2846612662542611e-11,24.215000000000003,158.60000000000002,445.34000000000003,2.1373125491663814e-11,0.0,124.59989999999999,5.5706550483591855e-12,4.462208380573429e-12,2.2737367544323206e-13,3.410605131648481e-12,1.9895196601282805e-13,0.0,0.0,0.999999999999929,4.433786671143025e-12
303,3,4,-0.02106519939737154,0.0,1.2732925824820995e-11,26.409999999999997,158.60000000000002,445.34000000000003,2.1373125491663814e-11,0.0,151.5525,5.6843418860808015e-12,4.490630090003833e-12,2.2737367544323206e-13,3.410605131648481e-12,1.9895196601282805e-13,0.0,0.0,0.9999999999999574,4.320099833421409e-12
304,4,4,-0.012459695992630103,0.0,1.2732925824820995e-11,30.80000000000001,158.60000000000002,445.34000000000003,2.148681232938543e-11,0.0,181.5,5.6843418860808015e-12,4.490630090003833e-12,1.7053025658242404e-13,3.410605131648481e-12,1.9895196601282805e-13,0.0,0.0,0.9999999999999574,4.376943252282217e-12
305,5,4,-0.012459695992630103,0.0,1.2732925824820995e-11,30.80000000000001,158.60000000000002,445.34000000000003,2.148681232938543e-11,0.0,181.5,5.7411853049416095e-12,4.476419235288631e-12,1.7053025658242404e-13,3.410605131648481e-12,1.9895196601282805e-13,0.0,0.0,0.9999999999999645,4.320099833421409e-12
306,6,4,-0.012459695992630103,0.0,1.2732925824820995e-11,30.80000000000001,158.60000000000002,445.34000000000003,2.148681232938543e-11,0.0,181.5,5.7411853049416095e-12,4.490630090003833e-12,1.7053025658242404e-13,3.524291969370097e-12,1.9895196601282805e-13,0.0,0.0,0.9999999999999645,4.263256414560601e-12
307,7,3,-0.019652550317704676,0.0,1.2732925824820995e-11,0.0,158.60000000000002,445.34000000000003,2.1543655748246238e-11,0.0,181.5,5.7411853049416095e-12,4.490630090003833e-12,1.7053025658242404e-13,3.581135388230905e-12,1.9895196601282805e-13,0.0,0.0,0.9999999999999645,4.263256414560601e-12
308,8,4,-0.013608338568204504,0.0,1.2732925824820995e-11,26.409999999999997,158.60000000000002,445.34000000000003,2.1600499167107046e-11,0.0,181.5,5.7411853049416095e-12,4.476419235288631e-12,1.7053025658242404e-13,3.581135388230905e-12,1.9895196601282805e-13,0.0,0.0,0.9999999999999645,4.206412995699793e-12
309,9,3,-0.019956748624888367,0.0,1.2732925824820995e-11,0.0,158.60000000000002,445.34000000000003,2.1657342585967854e-11,0.0,181.5,5.7411853049416095e-12,4.490630090003833e-12,1.7053025658242404e-13,3.637978807091713e-12,1.9895196601282805e-13,0.0,0.0,0.9999999999999716,4.206412995699793e-12
310,10,4,-0.014780687320765387,0.0,1.2676082405960187e-11,22.02000000000001,158.60000000000002,445.34000000000003,2.1600499167107046e-11,0.0,181.5,5.7411853049416095e-12,4.490630090003833e-12,1.7053025658242404e-13,3.694822225952521e-12,1.9895196601282805e-13,0.0,0.0,0.9999999999999716,4.206412995699793e-12
311,11,1,-0.013342467189443544,0.0,1.261923898709938e-11,0.0,158.60000000000002,445.34,2.1600499167107046e-11,0.0,139.57349999999997,5.7411853049416095e-12,4.490630090003833e-12,1.7053025658242404e-13,3.751665644813329e-12,1.9895196601282805e-13,0.0,0.0,0.9999999999999645,4.206412995699793e-12
312,12,1,0.034906473136113815,0.0,1.2732925824820995e-11,0.0,190.59828810752333,445.34000000000003,2.1600499167107046e-11,0.0,117.28783905201817,5.7411853049416095e-12,4.547473508864641e-12,1.7053025658242404e-13,3.637978807091713e-12,1.9895196601282805e-13,0.0,0.0,0.9999999999999716,4.206412995699793e-12
313,1,3,0.10048812743176451,110.39076188701574,1.2960299500264227e-11,0.0,181.41295772737362,445.34000000000003,2.1373125491663814e-11,0.0,112.62119999999999,5.7980287238024175e-12,4.575895218295045e-12,2.2737367544323206e-13,3.524291969370097e-12,1.9895196601282805e-13,0.0,0.0,0.9999999999999716,4.206412995699793e-12
314,2,3,0.08240920601305168,29.348919415833734,1.318767317570746e-11,24.215000000000003,158.60000000000002,445.34000000000003,2.1600499167107046e-11,0.0,124.59989999999993,5.7980287238024175e-12,4.575895218295045e-12,2.2737367544323206e-13,3.637978807091713e-12,1.9895196601282805e-13,0.0,0.0,0.9999999999999858,4.320099833421409e-12
315,3,4,-0.02106519939737154,0.0,1.318767317570746e-11,26.409999999999997,158.60000000000002,445.34,2.1827872842550278e-11,0.0,151.5524999999999,5.9117155615240335e-12,4.661160346586257e-12,1.7053025658242404e-13,3.410605131648481e-12,1.9895196601282805e-13,0.0,0.0,0.9999999999999432,4.206412995699793e-12
316,4,4,-0.012459695992630103,0.0,1.3415046851150692e-11,30.80000000000001,158.60000000000002,445.34000000000003,2.1827872842550278e-11,0.0,181.5,5.9117155615240335e-12,4.718003765447065e-12,2.2737367544323206e-13,3.410605131648481e-12,1.9895196601282805e-13,0.0,0.0,0.9999999999999432,4.206412995699793e-12
317,5,4,-0.012459695992630103,0.0,1.318767317570746e-11,30.80000000000001,158.60000000000002,445.34000000000003,2.1827872842550278e-11,0.0,181.5,5.9117155615240335e-12,4.718003765447065e-12,2.8421709430404007e-13,3.410605131648481e-12,1.9895196601282805e-13,0.0,0.0,0.999999999999929,4.206412995699793e-12
318,6,4,-0.012459695992630103,0.0,1.318767317570746e-11,30.80000000000001,158.60000000000002,445.34000000000003,2.1827872842550278e-11,0.0,181.5,5.9117155615240335e-12,4.689582056016661e-12,2.8421709430404007e-13,3.410605131648481e-12,1.9895196601282805e-13,0.0,0.0,0.9999999999999147,4.206412995699793e-12
319,7,3,-0.019652550317704676,0.0,1.318767317570746e-11,0.0,158.60000000000002,445.34000000000003,2.1827872842550278e-11,0.0,181.5,5.9117155615240335e-12,4.689582056016661e-12,2.8421709430404007e-13,3.410605131648481e-12,1.9895196601282805e-13,0.0,0.0,0.999999999999929,4.206412995699793e-12
320,8,4,-0.013608338568204504,0.0,1.318767317570746e-11,26.409999999999997,158.60000000000002,445.34000000000003,2.1884716261411086e-11,0.0,181.5,5.9117155615240335e-12,4.675371201301459e-12,2.8421709430404007e-13,3.467448550509289e-12,1.9895196601282805e-13,0.0,0.0,0.9999999999999218,4.234834705130197e-12
321,9,3,0.009450787271645479,0.0,1.318767317570746e-11,0.0,158.60000000000002,445.34000000000003,2.1827872842550278e-11,0.0,181.5,5.9117155615240335e-12,4.675371201301459e-12,3.410605131648481e-13,3.524291969370097e-12,1.9895196601282805e-13,0.0,0.0,0.999999999999929,4.263256414560601e-12
322,10,4,-0.01028421417246047,0.0,1.3073986337985843e-11,22.02000000000001,177.7288960675187,445.34000000000003,2.1714186004828662e-11,0.0,181.5,5.9117155615240335e-12,4.675371201301459e-12,3.410605131648481e-13,3.524291969370097e-12,1.9895196601282805e-13,0.0,0.0,0.999999999999936,4.206412995699793e-12
323,11,1,0.05822161714781084,0.0,1.3073986337985843e-11,0.0,236.84303375027105,445.34,2.1714186004828662e-11,0.0,263.5979766524076,5.9117155615240335e-12,4.689582056016661e-12,3.410605131648481e-13,3.581135388230905e-12,1.9895196601282805e-13,0.0,0.0,0.999999999999929,4.206412995699793e-12
324,12,1,0.09874156208231039,0.0,1.2960299500264227e-11,0.0,298.4004601202257,445.34000000000003,2.1600499167107046e-11,0.0,190.61257961746918,5.9117155615240335e-12,4.718003765447065e-12,3.979039320256561e-13,3.524291969370097e-12,1.9895196601282805e-13,0.0,0.0,0.999999999999929,4.206412995699793e-12
325,1,1,0.06125636538442537,0.0,1.3073986337985843e-11,0.0,158.60000000000002,445.34000000000003,2.1600499167107046e-11,0.0,112.62119999999999,5.9117155615240335e-12,4.746425474877469e-12,3.979039320256561e-13,3.524291969370097e-12,1.9895196601282805e-13,0.0,0.0,0.999999999999929,4.206412995699793e-12
326,2,4,0.07318061263362252,0.0,1.2732925824820995e-11,24.214999999999975,248.1772916884962,445.34000000000003,2.1600499167107046e-11,0.0,124.59989999999999,6.0254023992456496e-12,4.718003765447065e-12,3.979039320256561e-13,3.637978807091713e-12,1.9895196601282805e-13,0.0,0.0,0.9999999999999432,4.320099833421409e-12
327,3,3,-0.027355878307161838,0.0,1.2960299500264227e-11,0.0,158.60000000000002,445.34,2.1827872842550278e-11,0.0,151.5525,6.139089236967266e-12,4.718003765447065e-12,3.410605131648481e-13,3.637978807091713e-12,1.9895196601282805e-13,0.0,0.0,0.9999999999999574,4.206412995699793e-12
328,4,4,-0.012459695992630103,0.0,1.3073986337985843e-11,30.80000000000001,158.60000000000002,445.34000000000003,2.1600499167107046e-11,0.0,181.5,6.139089236967266e-12,4.718003765447065e-12,3.410605131648481e-13,3.524291969370097e-12,1.9895196601282805e-13,0.0,0.0,0.9999999999999574,4.206412995699793e-12
329,5,4,-0.012459695992630103,0.0,1.3073986337985843e-11,30.80000000000001,158.60000000000002,445.34000000000003,2.1373125491663814e-11,0.0,181.5,6.139089236967266e-12,4.718003765447065e-12,2.8421709430404007e-13,3.410605131648481e-12,1.9895196601282805e-13,0.0,0.0,0.9999999999999574,4.320099833421409e-12
330,6,4,-0.012459695992630103,0.0,1.318767317570746e-11,30.80000000000001,158.60000000000002,445.34,2.1373125491663814e-11,0.0,181.5,6.139089236967266e-12,4.718003765447065e-12,2.8421709430404007e-13,3.524291969370097e-12,1.9895196601282805e-13,0.0,0.0,0.9999999999999503,4.433786671143025e-12
331,7,3,-0.019652550317704676,0.0,1.318767317570746e-11,0.0,158.60000000000002,445.34000000000003,2.148681232938543e-11,0.0,181.5,6.139089236967266e-12,4.732214620162267e-12,2.8421709430404007e-13,3.524291969370097e-12,1.9895196601282805e-13,0.0,0.0,0.9999999999999432,4.376943252282217e-12
332,8,4,-0.013608338568204504,0.0,1.318767317570746e-11,26.409999999999997,158.60000000000002,445.34000000000003,2.1543655748246238e-11,0.0,181.5,6.139089236967266e-12,4.718003765447065e-12,2.8421709430404007e-13,3.524291969370097e-12,1.9895196601282805e-13,0.0,0.0,0.9999999999999432,4.405364961712621e-12
333,9,3,-0.014311142115783354,0.0,1.3130829756846651e-11,0.0,158.60000000000002,445.34000000000003,2.148681232938543e-11,0.0,181.5,6.139089236967266e-12,4.718003765447065e-12,2.8421709430404007e-13,3.581135388230905e-12,1.9895196601282805e-13,0.0,0.0,0.9999999999999503,4.433786671143025e-12
334,10,4,0.008771229491361587,0.0,1.318767317570746e-11,22.02000000000001,199.8055839641588,445.34000000000003,2.1373125491663814e-11,0.0,181.5,6.139089236967266e-12,4.718003765447065e-12,2.8421709430404007e-13,3.524291969370097e-12,1.9895196601282805e-13,0.0,0.0,0.9999999999999432,4.376943252282217e-12
335,11,1,0.09980389404056653,0.0,1.318767317570746e-11,0.0,253.75397132580406,445.34000000000003,2.1373125491663814e-11,0.0,292.1099766524079,6.139089236967266e-12,4.718003765447065e-12,3.410605131648481e-13,3.524291969370097e-12,2.1316282072803006e-13,0.0,0.0,0.9999999999999432,4.376943252282217e-12
336,12,1,0.20253721231822927,133.95619664273136,1.318767317570746e-11,0.0,328.723981156214,445.34,2.1600499167107046e-11,0.0,335.47300000000007,6.195932655828074e-12,4.718003765447065e-12,3.979039320256561e-13,3.524291969370097e-12,2.1316282072803006e-13,0.0,0.0,0.9999999999999432,4.433786671143025e-12
337,1,1,0.30203851578515595,401.65675123412666,1.3642420526593924e-11,0.0,438.5246675488752,445.34,2.1373125491663814e-11,0.0,375.4040000000001,6.195932655828074e-12,4.718003765447065e-12,3.410605131648481e-13,3.637978807091713e-12,2.1316282072803006e-13,0.0,0.0,0.9999999999999147,4.433786671143025e-12
338,2,1,0.2442824989606872,452.9413792003661,1.3642420526593924e-11,24.215000000000003,396.5,445.34000000000003,2.1827872842550278e-11,0.0,124.59989999999999,6.252776074688882e-12,4.718003765447065e-12,3.979039320256561e-13,3.637978807091713e-12,2.1316282072803006e-13,0.0,0.0,0.9999999999999147,4.547473508864641e-12
339,3,3,0.08894268863094915,36.84336611209801,1.3642420526593924e-11,26.409999999999997,158.60000000000002,445.34,2.2282620193436742e-11,0.0,151.5525,6.366462912410498e-12,4.774847184307873e-12,3.979039320256561e-13,4.092726157978177e-12,2.2737367544323206e-13,0.0,0.0,0.9999999999999147,4.433786671143025e-12
340,4,4,-0.012459695992630103,0.0,1.3642420526593924e-11,30.80000000000001,158.60000000000002,445.34000000000003,2.2509993868879974e-11,0.0,181.5,6.366462912410498e-12,4.774847184307873e-12,3.979039320256561e-13,3.865352482534945e-12,2.2737367544323206e-13,0.0,0.0,0.9999999999999147,4.433786671143025e-12
341,5,4,-0.012459695992630103,0.0,1.3642420526593924e-11,30.80000000000001,158.60000000000002,445.34000000000003,2.2509993868879974e-11,0.0,181.5,6.366462912410498e-12,4.774847184307873e-12,3.979039320256561e-13,3.979039320256561e-12,2.2737367544323206e-13,0.0,0.0,0.9999999999999147,4.376943252282217e-12
342,6,4,-0.012459695992630103,0.0,1.3642420526593924e-11,30.799999999999955,158.60000000000002,445.34,2.262368070660159e-11,0.0,181.5,6.366462912410498e-12,4.789058039023075e-12,3.979039320256561e-13,4.092726157978177e-12,2.2737367544323206e-13,0.0,0.0,0.9999999999999076,4.376943252282217e-12
343,7,3,-0.019652550317704676,0.0,1.3642420526593924e-11,0.0,158.60000000000002,445.34000000000003,2.2737367544323206e-11,0.0,181.5,6.366462912410498e-12,4.817479748453479e-12,3.979039320256561e-13,4.092726157978177e-12,2.2737367544323206e-13,0.0,0.0,0.9999999999999005,4.320099833421409e-12
344,8,4,-0.013608338568204504,0.0,1.3642420526593924e-11,26.409999999999997,158.60000000000002,445.34000000000003,2.2737367544323206e-11,0.0,181.5,6.366462912410498e-12,4.803268893738277e-12,3.979039320256561e-13,4.035882739117369e-12,2.2737367544323206e-13,0.0,0.0,0.9999999999998934,4.291678123991005e-12
345,9,3,-0.02191902574647373,0.0,1.3642420526593924e-11,0.0,158.60000000000002,445.34000000000003,2.2680524125462398e-11,0.0,173.15208066935162,6.338041202980094e-12,4.817479748453479e-12,3.979039320256561e-13,3.979039320256561e-12,2.2737367544323206e-13,0.0,0.0,0.9999999999998934,4.263256414560601e-12
346,10,4,-0.014780687320765387,0.0,1.3642420526593924e-11,22.02000000000001,158.60000000000002,445.34000000000003,2.262368070660159e-11,0.0,181.5,6.338041202980094e-12,4.831690603168681e-12,3.979039320256561e-13,3.922195901395753e-12,2.2737367544323206e-13,0.0,0.0,0.9999999999999076,4.263256414560601e-12
347,11,1,0.0019400072703646828,0.0,1.3642420526593924e-11,0.0,158.60000000000002,445.34,2.262368070660159e-11,0.0,139.57349999999997,6.366462912410498e-12,4.888534022029489e-12,3.979039320256561e-13,3.922195901395753e-12,2.2737367544323206e-13,0.0,0.0,0.9999999999999147,4.263256414560601e-12
348,12,1,0.02013295989404944,0.0,1.3528733688872308e-11,0.0,158.60000000000002,445.34000000000003,2.2851054382044822e-11,0.0,100.64189999999996,6.30961949354969e-12,4.888534022029489e-12,3.979039320256561e-13,3.979039320256561e-12,2.2737367544323206e-13,0.0,0.0,0.9999999999999147,4.320099833421409e-12
349,1,4,0.056719990892227415,0.0,1.3642420526593924e-11,22.02000000000001,244.10025464646128,445.34000000000003,2.2737367544323206e-11,0.0,112.62119999999999,6.366462912410498e-12,4.945377440890297e-12,4.547473508864641e-13,3.865352482534945e-12,2.2737367544323206e-13,0.0,0.0,0.9999999999999147,4.320099833421409e-12
350,2,3,0.07668233304936332,5.946150406561628,1.3642420526593924e-11,24.214999999999975,158.60000000000002,445.34000000000003,2.2964741219766438e-11,0.0,124.59989999999993,6.480149750132114e-12,4.945377440890297e-12,4.547473508864641e-13,3.865352482534945e-12,2.2737367544323206e-13,0.0,0.0,0.9999999999999432,4.320099833421409e-12
351,3,4,0.04894408621981299,0.0,1.4097167877480388e-11,26.409999999999997,310.003719269469,445.34,2.2737367544323206e-11,0.0,151.5525,6.59383658785373e-12,5.002220859751105e-12,5.115907697472721e-13,4.092726157978177e-12,2.2737367544323206e-13,0.0,0.0,0.9999999999999147,4.206412995699793e-12
352,4,3,-0.019553201289728258,0.0,1.4097167877480388e-11,0.0,158.60000000000002,445.34,2.2737367544323206e-11,0.0,181.5,6.59383658785373e-12,5.059064278611913e-12,5.115907697472721e-13,4.092726157978177e-12,2.2737367544323206e-13,0.0,0.0,0.9999999999999005,4.206412995699793e-12
353,5,4,-0.012459695992630103,0.0,1.4210854715202004e-11,30.80000000000001,158.60000000000002,445.34000000000003,2.2737367544323206e-11,0.0,181.5,6.650680006714538e-12,5.087485988042317e-12,5.115907697472721e-13,4.092726157978177e-12,2.2737367544323206e-13,0.0,0.0,0.9999999999998863,4.149569576838985e-12
354,6,4,-0.012459695992630103,0.0,1.4210854715202004e-11,30.80000000000001,158.60000000000002,445.34000000000003,2.2737367544323206e-11,0.0,181.5,6.650680006714538e-12,5.087485988042317e-12,5.115907697472721e-13,4.092726157978177e-12,2.2737367544323206e-13,0.0,0.0,0.9999999999998721,4.149569576838985e-12
355,7,3,-0.02132731474810649,0.0,1.4097167877480388e-11,0.0,158.60000000000002,445.34000000000003,2.2737367544323206e-11,0.0,174.2649339224427,6.650680006714538e-12,5.087485988042317e-12,5.115907697472721e-13,4.092726157978177e-12,2.2737367544323206e-13,0.0,0.0,0.9999999999998721,4.149569576838985e-12
356,8,4,-0.013608338568204504,0.0,1.4210854715202004e-11,26.409999999999997,158.60000000000002,445.34000000000003,2.2737367544323206e-11,0.0,181.5,6.650680006714538e-12,5.101696842757519e-12,5.115907697472721e-13,4.149569576838985e-12,2.2737367544323206e-13,0.0,0.0,0.9999999999998792,4.177991286269389e-12
357,9,3,-0.029839668875616673,0.0,1.4210854715202004e-11,0.0,158.60000000000002,445.34000000000003,2.2737367544323206e-11,0.0,139.4560806693517,6.679101716144942e-12,5.115907697472721e-12,5.684341886080801e-13,4.149569576838985e-12,2.2737367544323206e-13,0.0,0.0,0.9999999999998863,4.149569576838985e-12
358,10,4,-0.014780687320765387,0.0,1.4267698134062812e-11,22.02000000000001,158.60000000000002,445.34000000000003,2.2737367544323206e-11,0.0,181.5,6.679101716144942e-12,5.115907697472721e-12,5.684341886080801e-13,4.206412995699793e-12,2.2737367544323206e-13,0.0,0.0,0.9999999999999076,4.177991286269389e-12
359,11,1,0.020406330575966185,0.0,1.4210854715202004e-11,0.0,196.9622080716822,445.3400000000001,2.2737367544323206e-11,0.0,165.1019766524078,6.650680006714538e-12,5.115907697472721e-12,5.684341886080801e-13,4.263256414560601e-12,2.2737367544323206e-13,0.0,0.0,0.9999999999999147,4.206412995699793e-12
360,12,1,0.16559382059421876,0.0,1.4097167877480388e-11,0.0,333.4658511864628,445.34000000000003,2.2737367544323206e-11,0.0,335.47299999999996,6.650680006714538e-12,5.144329406903125e-12,5.684341886080801e-13,4.320099833421409e-12,2.2737367544323206e-13,0.0,0.0,0.9999999999999147,4.206412995699793e-12
361,1,1,0.28578579566831136,294.00122036864013,1.4551915228366852e-11,0.0,480.769436021229,445.34,2.2282620193436742e-11,0.0,375.404,6.707523425575346e-12,5.115907697472721e-12,5.115907697472721e-13,4.320099833421409e-12,2.2737367544323206e-13,0.0,0.0,1.0,4.206412995699793e-12
362,2,1,0.4267913672654407,678.0928555138166,1.5006662579253316e-11,35.01523767663144,615.6345736865321,445.34000000000003,2.2737367544323206e-11,0.0,415.33299999999986,6.707523425575346e-12,5.229594535194337e-12,5.684341886080801e-13,4.320099833421409e-12,2.4158453015843406e-13,0.0,0.0,0.9999999999999432,4.206412995699793e-12
363,3,1,0.5192534487083063,1099.9934293401361,1.546140993013978e-11,45.32661451810614,785.7706911873483,445.34,2.319211489520967e-11,0.0,248.87803733027374,6.821210263296962e-12,5.229594535194337e-12,6.252776074688882e-13,4.547473508864641e-12,2.5579538487363607e-13,0.0,0.0,0.9999999999999432,4.092726157978177e-12
364,4,1,0.3768008413788313,1027.2692532668852,1.546140993013978e-11,30.80000000000001,396.5,445.34000000000003,2.319211489520967e-11,0.0,181.5,6.821210263296962e-12,5.286437954055145e-12,6.821210263296962e-13,4.547473508864641e-12,2.5579538487363607e-13,0.0,0.0,0.9999999999999147,4.206412995699793e-12
365,5,3,0.2600219472773829,449.31337014311976,1.546140993013978e-11,30.80000000000004,467.4019249352772,445.34000000000003,2.3419488570652902e-11,0.0,181.5,6.821210263296962e-12,5.314859663485549e-12,7.389644451905042e-13,4.320099833421409e-12,2.5579538487363607e-13,0.0,0.0,0.9999999999999147,4.320099833421409e-12
366,6,2,0.17679783735294247,180.8070364689611,1.5688783605583012e-11,8.849173317514953,396.5,445.34000000000003,2.319211489520967e-11,0.0,181.5,6.821210263296962e-12,5.314859663485549e-12,7.958078640513122e-13,4.320099833421409e-12,2.5579538487363607e-13,0.0,0.0,0.9999999999999147,4.320099833421409e-12
367,7,3,0.11994997168927324,131.80000000000018,1.546140993013978e-11,28.60499999999999,176.28487519624468,445.34000000000003,2.319211489520967e-11,0.0,181.5,6.87805368215777e-12,5.314859663485549e-12,7.958078640513122e-13,4.206412995699793e-12,2.5579538487363607e-13,0.0,0.0,0.9999999999999147,4.263256414560601e-12
368,8,3,0.0825877839657576,14.870554263222857,1.5347723092418164e-11,0.0,158.60000000000002,445.34000000000003,2.319211489520967e-11,0.0,181.5,6.87805368215777e-12,5.314859663485549e-12,7.958078640513122e-13,4.206412995699793e-12,2.5579538487363607e-13,0.0,0.0,0.9999999999999147,4.263256414560601e-12
369,9,4,0.04617982485768705,0.0,1.5234036254696548e-11,22.019999999999982,176.43637366504242,445.3400000000001,2.3305801732931286e-11,0.0,181.5,6.87805368215777e-12,5.329070518200751e-12,7.958078640513122e-13,4.263256414560601e-12,2.5579538487363607e-13,0.0,0.0,0.9999999999999218,4.320099833421409e-12
370,10,3,0.013215942539459706,0.0,1.5290879673557356e-11,0.0,158.60000000000002,445.34000000000003,2.3305801732931286e-11,0.0,179.4478880170305,6.87805368215777e-12,5.329070518200751e-12,7.958078640513122e-13,4.206412995699793e-12,2.5579538487363607e-13,0.0,0.0,0.999999999999929,4.320099833421409e-12
371,11,1,0.003842341489361836,0.0,1.5234036254696548e-11,0.0,158.60000000000002,445.34,2.319211489520967e-11,0.0,139.57349999999997,6.87805368215777e-12,5.314859663485549e-12,7.958078640513122e-13,4.263256414560601e-12,2.5579538487363607e-13,0.0,0.0,0.999999999999929,4.320099833421409e-12
372,12,1,0.03705370939365292,0.0,1.5120349416974932e-11,0.0,158.60000000000002,445.34000000000003,2.3305801732931286e-11,0.0,100.64189999999996,6.821210263296962e-12,5.314859663485549e-12,7.389644451905042e-13,4.206412995699793e-12,2.5579538487363607e-13,0.0,0.0,0.999999999999929,4.320099833421409e-12
373,1,4,0.15250435563625114,124.15070328665433,1.5006662579253316e-11,22.02000000000001,260.17065464646134,445.34,2.3419488570652902e-11,0.0,207.42828177796343,6.821210263296962e-12,5.4001247917767614e-12,6.821210263296962e-13,4.206412995699793e-12,2.7000623958883807e-13,0.0,0.0,0.999999999999929,4.320099833421409e-12
374,2,1,0.31205765104239014,455.5327114797101,1.5006662579253316e-11,14.454371465013452,389.8982030599359,445.34000000000003,2.3646862246096134e-11,0.0,415.33299999999997,6.934897101018578e-12,5.343281372915953e-12,6.821210263296962e-13,3.865352482534945e-12,2.7000623958883807e-13,0.0,0.0,0.9999999999999432,4.547473508864641e-12
375,3,1,0.22384595476961397,385.6849275246532,1.546140993013978e-11,6.029448235747765,396.5,445.34000000000003,2.4101609596982598e-11,0.0,151.5525,7.048583938740194e-12,5.4001247917767614e-12,6.821210263296962e-13,4.092726157978177e-12,2.7000623958883807e-13,0.0,0.0,0.9999999999999432,4.433786671143025e-12
376,4,3,0.023448910098113923,0.0,1.5688783605583012e-11,30.80000000000001,158.60000000000002,445.34000000000003,2.432898327242583e-11,0.0,181.5,7.048583938740194e-12,5.4285465012071654e-12,6.252776074688882e-13,4.320099833421409e-12,2.7000623958883807e-13,0.0,0.0,0.9999999999999432,4.433786671143025e-12
377,5,4,-0.012459695992630103,0.0,1.5688783605583012e-11,30.80000000000001,158.60000000000002,445.34000000000003,2.4556356947869062e-11,0.0,181.5,7.048583938740194e-12,5.4569682106375694e-12,6.252776074688882e-13,4.320099833421409e-12,2.7000623958883807e-13,0.0,0.0,0.9999999999999432,4.376943252282217e-12
378,6,4,-0.012459695992630103,0.0,1.5688783605583012e-11,30.80000000000001,158.60000000000002,445.34000000000003,2.4556356947869062e-11,0.0,181.5,7.105427357601002e-12,5.4569682106375694e-12,6.821210263296962e-13,4.320099833421409e-12,2.7000623958883807e-13,0.0,0.0,0.9999999999999432,4.433786671143025e-12
379,7,3,-0.019652550317704676,0.0,1.5575096767861396e-11,0.0,158.60000000000002,445.34000000000003,2.4556356947869062e-11,0.0,181.5,7.105427357601002e-12,5.4569682106375694e-12,6.821210263296962e-13,4.320099833421409e-12,2.7000623958883807e-13,0.0,0.0,0.9999999999999432,4.433786671143025e-12
380,8,4,-0.013608338568204504,0.0,1.5575096767861396e-11,26.409999999999997,158.60000000000002,445.34000000000003,2.461320036672987e-11,0.0,181.5,7.105427357601002e-12,5.4285465012071654e-12,6.821210263296962e-13,4.320099833421409e-12,2.7000623958883807e-13,0.0,0.0,0.999999999999936,4.433786671143025e-12
381,9,3,-0.019956748624888367,0.0,1.546140993013978e-11,0.0,158.60000000000002,445.3400000000001,2.4556356947869062e-11,0.0,181.5,7.105427357601002e-12,5.4427573559223674e-12,6.821210263296962e-13,4.320099833421409e-12,2.7000623958883807e-13,0.0,0.0,0.9999999999999432,4.433786671143025e-12
382,10,4,0.03712472740522705,0.0,1.546140993013978e-11,22.02000000000004,218.5543839641589,445.34000000000003,2.4442670110147446e-11,0.0,243.1361604552178,7.105427357601002e-12,5.4285465012071654e-12,6.821210263296962e-13,4.263256414560601e-12,2.7000623958883807e-13,0.0,0.0,0.9999999999999432,4.433786671143025e-12
383,11,1,0.12500480457528068,0.0,1.546140993013978e-11,0.0,269.92616200933617,445.34000000000003,2.4101609596982598e-11,0.0,397.8644777200575,7.105427357601002e-12,5.4853899200679734e-12,6.252776074688882e-13,4.263256414560601e-12,2.7000623958883807e-13,0.0,0.0,0.9999999999999432,4.433786671143025e-12
384,12,1,0.22415814420451274,149.39960327969357,1.546140993013978e-11,0.0,398.48375913155667,445.34,2.4101609596982598e-11,0.0,335.47300000000007,7.105427357601002e-12,5.5138116294983774e-12,5.684341886080801e-13,4.206412995699793e-12,2.7000623958883807e-13,0.0,0.0,0.9999999999999432,4.547473508864641e-12
385,1,1,0.3152468474624999,390.3346602043316,1.5688783605583012e-11,0.0,503.0050630806354,445.34000000000003,2.4101609596982598e-11,0.0,375.4040000000002,7.105427357601002e-12,5.5138116294983774e-12,5.684341886080801e-13,4.206412995699793e-12,2.7000623958883807e-13,0.0,0.0,0.9999999999999432,4.547473508864641e-12
386,2,1,0.3737954962315186,669.242196040294,1.546140993013978e-11,7.453637676631445,647.9050920673628,445.34000000000003,2.4101609596982598e-11,0.0,202.90801504237675,7.16227077646181e-12,5.5138116294983774e-12,5.684341886080801e-13,4.320099833421409e-12,2.7000623958883807e-13,0.0,0.0,0.9999999999999432,4.661160346586257e-12
387,3,1,0.1416457587427779,131.80000000000018,1.546140993013978e-11,0.0,311.3153477858357,445.34000000000003,2.4556356947869062e-11,0.0,151.5525,7.275957614183426e-12,5.5138116294983774e-12,5.684341886080801e-13,4.547473508864641e-12,2.7000623958883807e-13,0.0,0.0,0.9999999999999432,4.547473508864641e-12
388,4,3,-0.012459695992630103,0.0,1.546140993013978e-11,30.80000000000001,158.60000000000002,445.34000000000003,2.432898327242583e-11,0.0,181.5,7.275957614183426e-12,5.5138116294983774e-12,5.115907697472721e-13,4.320099833421409e-12,2.7000623958883807e-13,0.0,0.0,0.9999999999999432,4.547473508864641e-12
389,5,4,-0.012459695992630103,0.0,1.546140993013978e-11,30.799999999999983,158.60000000000002,445.34000000000003,2.432898327242583e-11,0.0,181.5,7.30437932361383e-12,5.5138116294983774e-12,5.115907697472721e-13,4.320099833421409e-12,2.7000623958883807e-13,0.0,0.0,0.999999999999936,4.604316927725449e-12
390,6,4,-0.012459695992630103,0.0,1.5347723092418164e-11,30.80000000000001,158.60000000000002,445.34000000000003,2.4272139853565022e-11,0.0,181.5,7.30437932361383e-12,5.5138116294983774e-12,5.684341886080801e-13,4.320099833421409e-12,2.7000623958883807e-13,0.0,0.0,0.9999999999999218,4.632738637155853e-12
391,7,3,-0.028767228637991946,0.0,1.5347723092418164e-11,0.0,158.60000000000002,445.34000000000003,2.4272139853565022e-11,0.0,142.1241339224427,7.30437932361383e-12,5.5138116294983774e-12,5.684341886080801e-13,4.263256414560601e-12,2.7000623958883807e-13,0.0,0.0,0.9999999999999218,4.632738637155853e-12
392,8,4,-0.02464617528165332,0.0,1.5347723092418164e-11,18.91477523366609,158.60000000000002,442.66366400000004,2.4272139853565022e-11,0.0,141.5534987882598,7.275957614183426e-12,5.4996007747831754e-12,5.684341886080801e-13,4.263256414560601e-12,2.7000623958883807e-13,0.0,0.0,0.9999999999999218,4.632738637155853e-12
393,9,4,-0.02994754615551763,0.0,1.5347723092418164e-11,16.177246486171384,158.60000000000002,437.917904,2.4272139853565022e-11,0.0,122.81990265902544,7.275957614183426e-12,5.5138116294983774e-12,5.684341886080801e-13,4.234834705130197e-12,2.7000623958883807e-13,0.0,0.0,0.9999999999999218,4.632738637155853e-12
394,10,4,-0.015638512672499275,0.0,1.5347723092418164e-11,22.02000000000001,158.60000000000002,439.32353600000005,2.4215296434704214e-11,0.0,177.85063938865352,7.275957614183426e-12,5.5280224842135794e-12,5.684341886080801e-13,4.234834705130197e-12,2.7000623958883807e-13,0.0,0.0,0.9999999999999218,4.604316927725449e-12
395,11,1,-0.00914565984099941,0.0,1.5347723092418164e-11,0.0,158.60000000000002,445.34000000000003,2.4215296434704214e-11,0.0,139.57349999999997,7.275957614183426e-12,5.5422333389287814e-12,5.684341886080801e-13,4.263256414560601e-12,2.7000623958883807e-13,0.0,0.0,0.9999999999999147,4.604316927725449e-12
396,12,1,-0.04206233142583955,0.0,1.5290879673557356e-11,0.0,158.60000000000002,445.34000000000003,2.4272139853565022e-11,0.0,100.64189999999996,7.275957614183426e-12,5.5422333389287814e-12,5.684341886080801e-13,4.263256414560601e-12,2.7000623958883807e-13,0.0,0.0,0.9999999999999147,4.604316927725449e-12
397,1,4,-0.03273832655337024,0.0,1.5234036254696548e-11,22.02000000000001,158.60000000000002,445.34000000000003,2.432898327242583e-11,0.0,112.62119999999999,7.275957614183426e-12,5.5706550483591855e-12,5.684341886080801e-13,4.320099833421409e-12,2.7000623958883807e-13,0.0,0.0,0.9999999999999147,4.604316927725449e-12
398,2,4,-0.010247043937211457,0.0,1.5006662579253316e-11,24.215000000000003,234.31072915033224,445.34000000000003,2.5011104298755527e-11,0.0,124.59989999999999,7.389644451905042e-12,5.5706550483591855e-12,5.684341886080801e-13,4.320099833421409e-12,2.7000623958883807e-13,0.0,0.0,0.9999999999999432,4.774847184307873e-12
399,3,3,-0.027355878307161838,0.0,1.5234036254696548e-11,0.0,158.60000000000002,445.34000000000003,2.5011104298755527e-11,0.0,151.5525,7.503331289626658e-12,5.5990767577895895e-12,5.115907697472721e-13,4.433786671143025e-12,2.7000623958883807e-13,0.0,0.0,0.9999999999999574,4.661160346586257e-12
400,4,4,-0.012459695992630103,0.0,1.5234036254696548e-11,30.80000000000001,158.60000000000002,445.34000000000003,2.4783730623312294e-11,0.0,181.5,7.503331289626658e-12,5.5990767577895895e-12,5.115907697472721e-13,4.376943252282217e-12,2.7000623958883807e-13,0.0,0.0,0.9999999999999574,4.661160346586257e-12
401,5,4,-0.012459695992630103,0.0,1.5234036254696548e-11,30.799999999999983,158.60000000000002,445.34000000000003,2.4783730623312294e-11,0.0,181.5,7.503331289626658e-12,5.5990767577895895e-12,5.115907697472721e-13,4.263256414560601e-12,2.7000623958883807e-13,0.0,0.0,0.9999999999999503,4.661160346586257e-12
402,6,4,-0.012459695992630103,0.0,1.5234036254696548e-11,30.80000000000001,158.60000000000002,445.34000000000003,2.4783730623312294e-11,0.0,181.5,7.503331289626658e-12,5.5990767577895895e-12,5.684341886080801e-13,4.320099833421409e-12,2.7000623958883807e-13,0.0,0.0,0.9999999999999432,4.689582056016661e-12
403,7,3,-0.020707321923949307,0.0,1.5234036254696548e-11,0.0,158.60000000000002,445.34000000000003,2.4783730623312294e-11,0.0,176.94333392244272,7.503331289626658e-12,5.5990767577895895e-12,5.684341886080801e-13,4.320099833421409e-12,2.7000623958883807e-13,0.0,0.0,0.999999999999936,4.689582056016661e-12
404,8,4,-0.017221661842752412,0.0,1.5234036254696548e-11,10.879575233666088,158.60000000000002,445.34000000000003,2.4783730623312294e-11,0.0,181.49999999999994,7.531752999057062e-12,5.5848659030743875e-12,5.684341886080801e-13,4.376943252282217e-12,2.7000623958883807e-13,0.0,0.0,0.999999999999936,4.689582056016661e-12
405,9,4,-0.016980294507757586,0.0,1.517719283583574e-11,21.113471088288918,158.60000000000002,445.3400000000001,2.4726887204451486e-11,0.0,173.04896001680862,7.531752999057062e-12,5.5990767577895895e-12,5.684341886080801e-13,4.376943252282217e-12,2.7000623958883807e-13,0.0,0.0,0.999999999999936,4.718003765447065e-12
406,10,4,-0.014780687320765387,0.0,1.5120349416974932e-11,22.02000000000001,158.60000000000002,445.34000000000003,2.489741746103391e-11,0.0,181.5,7.503331289626658e-12,5.5990767577895895e-12,5.684341886080801e-13,4.376943252282217e-12,2.7000623958883807e-13,0.0,0.0,0.9999999999999432,4.718003765447065e-12
407,11,1,-0.02926171141841036,0.0,1.5120349416974932e-11,0.0,158.60000000000002,445.34,2.489741746103391e-11,0.0,139.57349999999997,7.503331289626658e-12,5.5990767577895895e-12,5.684341886080801e-13,4.433786671143025e-12,2.7000623958883807e-13,0.0,0.0,0.9999999999999432,4.718003765447065e-12
408,12,1,0.012319080849669603,0.0,1.5006662579253316e-11,0.0,169.7466271595415,445.34000000000003,2.5011104298755527e-11,0.0,100.64189999999996,7.44648787076585e-12,5.5990767577895895e-12,5.684341886080801e-13,4.320099833421409e-12,2.7000623958883807e-13,0.0,0.0,0.999999999999929,4.774847184307873e-12
409,1,3,0.1715121213952428,88.27379407688977,1.5234036254696548e-11,26.81351346105245,308.82798049987423,445.34,2.5011104298755527e-11,0.0,266.3530817779632,7.503331289626658e-12,5.6843418860808015e-12,5.115907697472721e-13,4.320099833421409e-12,2.7000623958883807e-13,0.0,0.0,0.9999999999999716,4.774847184307873e-12
410,2,1,0.23398069697569013,311.8952398551346,1.5006662579253316e-11,0.0,413.5279227768766,445.34000000000003,2.4556356947869062e-11,0.0,230.73497788729787,7.617018127348274e-12,5.7980287238024175e-12,5.684341886080801e-13,4.320099833421409e-12,2.7000623958883807e-13,0.0,0.0,1.0,4.888534022029489e-12
411,3,1,0.055965560772677406,0.0,1.546140993013978e-11,0.0,158.60000000000002,445.34,2.4556356947869062e-11,0.0,151.5525,7.73070496506989e-12,5.9117155615240335e-12,5.684341886080801e-13,4.547473508864641e-12,2.7000623958883807e-13,0.0,0.0,1.0,4.774847184307873e-12
412,4,4,-0.012459695992630103,0.0,1.5688783605583012e-11,30.80000000000001,158.60000000000002,445.34000000000003,2.4556356947869062e-11,0.0,181.5,7.73070496506989e-12,5.9685589803848416e-12,5.684341886080801e-13,4.547473508864641e-12,2.7000623958883807e-13,0.0,0.0,0.9999999999999716,4.661160346586257e-12
413,5,4,-0.012459695992630103,0.0,1.5916157281026244e-11,30.799999999999983,158.60000000000002,445.34000000000003,2.4556356947869062e-11,0.0,181.5,7.617018127348274e-12,6.0254023992456496e-12,5.115907697472721e-13,4.774847184307873e-12,2.7000623958883807e-13,0.0,0.0,0.9999999999999716,4.661160346586257e-12
414,6,4,-0.012459695992630103,0.0,1.5916157281026244e-11,30.80000000000001,158.60000000000002,445.34000000000003,2.4556356947869062e-11,0.0,181.5,7.617018127348274e-12,5.9969806898152456e-12,5.684341886080801e-13,4.774847184307873e-12,2.7000623958883807e-13,0.0,0.0,0.9999999999999574,4.661160346586257e-12
415,7,3,-0.019652550317704676,0.0,1.602984411874786e-11,0.0,158.60000000000002,445.34000000000003,2.4556356947869062e-11,0.0,181.5,7.617018127348274e-12,5.9969806898152456e-12,5.684341886080801e-13,4.718003765447065e-12,2.7000623958883807e-13,0.0,0.0,0.9999999999999574,4.661160346586257e-12
416,8,4,-0.013608338568204504,0.0,1.5916157281026244e-11,26.409999999999968,158.60000000000002,445.34000000000003,2.4556356947869062e-11,0.0,181.5,7.617018127348274e-12,5.9969806898152456e-12,5.684341886080801e-13,4.718003765447065e-12,2.7000623958883807e-13,0.0,0.0,0.9999999999999574,4.661160346586257e-12
417,9,3,-0.0328860700791332,0.0,1.5916157281026244e-11,0.0,158.60000000000002,445.34000000000003,2.4556356947869062e-11,0.0,126.49608066935167,7.617018127348274e-12,5.9969806898152456e-12,5.684341886080801e-13,4.831690603168681e-12,2.7000623958883807e-13,0.0,0.0,0.9999999999999645,4.689582056016661e-12
418,10,4,-0.0003539418725153418,0.0,1.602984411874786e-11,22.02000000000001,194.4487839641589,445.34000000000003,2.4556356947869062e-11,0.0,181.5,7.617018127348274e-12,5.9969806898152456e-12,5.115907697472721e-13,4.831690603168681e-12,2.7000623958883807e-13,0.0,0.0,0.9999999999999574,4.774847184307873e-12
419,11,1,0.06224101880486523,0.0,1.602984411874786e-11,0.0,240.61675602388198,445.34,2.432898327242583e-11,0.0,248.04597665240794,7.617018127348274e-12,6.0254023992456496e-12,5.115907697472721e-13,4.888534022029489e-12,2.7000623958883807e-13,0.0,0.0,0.9999999999999574,4.888534022029489e-12
420,12,1,0.1665664540718339,0.0,1.5916157281026244e-11,0.0,320.9275849120231,445.3399999999999,2.4556356947869062e-11,0.0,335.47299999999996,7.617018127348274e-12,6.0254023992456496e-12,4.547473508864641e-13,4.888534022029489e-12,2.7000623958883807e-13,0.0,0.0,0.9999999999999574,5.115907697472721e-12
421,1,1,0.30870139206460995,371.995710237622,1.6370904631912708e-11,0.0,495.00114707117586,445.34,2.4556356947869062e-11,0.0,375.4040000000001,7.73070496506989e-12,6.0254023992456496e-12,3.979039320256561e-13,5.002220859751105e-12,2.5579538487363607e-13,0.0,0.0,0.9999999999999432,5.115907697472721e-12
422,2,1,0.2410381526780893,463.89841327041677,1.6143530956469476e-11,0.0,396.5,445.34000000000003,2.4783730623312294e-11,0.0,124.59989999999999,7.844391802791506e-12,6.0822458181064576e-12,4.547473508864641e-13,5.002220859751105e-12,2.5579538487363607e-13,0.0,0.0,0.9999999999999432,5.229594535194337e-12
423,3,3,0.16106904244292283,131.80000000000018,1.6370904631912708e-11,26.409999999999997,366.44963416206156,445.34,2.546585164964199e-11,0.0,151.5525,7.958078640513122e-12,6.139089236967266e-12,4.547473508864641e-13,5.229594535194337e-12,2.5579538487363607e-13,0.0,0.0,0.9999999999999147,5.115907697472721e-12
424,4,3,-0.011513419970948676,0.0,1.6370904631912708e-11,30.80000000000001,158.60000000000002,445.34000000000003,2.546585164964199e-11,0.0,181.5,7.958078640513122e-12,6.16751094639767e-12,3.979039320256561e-13,5.229594535194337e-12,2.5579538487363607e-13,0.0,0.0,0.9999999999998863,5.115907697472721e-12
425,5,4,-0.012459695992630103,0.0,1.6370904631912708e-11,30.80000000000001,158.60000000000002,445.34000000000003,2.546585164964199e-11,0.0,181.5,7.958078640513122e-12,6.16751094639767e-12,3.979039320256561e-13,5.115907697472721e-12,2.5579538487363607e-13,0.0,0.0,0.9999999999998721,5.059064278611913e-12
426,6,4,-0.012459695992630103,0.0,1.6370904631912708e-11,30.80000000000001,158.60000000000002,445.34000000000003,2.5352164811920375e-11,0.0,181.5,7.958078640513122e-12,6.16751094639767e-12,4.547473508864641e-13,5.172751116333529e-12,2.5579538487363607e-13,0.0,0.0,0.9999999999998721,5.059064278611913e-12
427,7,3,-0.019652550317704676,0.0,1.6370904631912708e-11,0.0,158.60000000000002,445.34000000000003,2.546585164964199e-11,0.0,181.5,7.958078640513122e-12,6.16751094639767e-12,4.547473508864641e-13,5.059064278611913e-12,2.5579538487363607e-13,0.0,0.0,0.9999999999998721,5.059064278611913e-12
428,8,4,-0.013608338568204504,0.0,1.6370904631912708e-11,26.409999999999997,158.60000000000002,445.34000000000003,2.5579538487363607e-11,0.0,181.5,7.986500349943526e-12,6.181721801112872e-12,4.547473508864641e-13,5.059064278611913e-12,2.5579538487363607e-13,0.0,0.0,0.999999999999865,5.030642569181509e-12
429,9,3,-0.019956748624888367,0.0,1.6370904631912708e-11,0.0,158.60000000000002,445.34000000000003,2.5579538487363607e-11,0.0,181.5,7.986500349943526e-12,6.181721801112872e-12,3.979039320256561e-13,5.002220859751105e-12,2.5579538487363607e-13,0.0,0.0,0.999999999999865,5.059064278611913e-12
430,10,4,-2.1057936317870844e-5,0.0,1.6370904631912708e-11,22.02000000000001,194.4487839641589,445.34000000000003,2.546585164964199e-11,0.0,181.5,7.958078640513122e-12,6.181721801112872e-12,3.979039320256561e-13,4.945377440890297e-12,2.5579538487363607e-13,0.0,0.0,0.9999999999998579,5.002220859751105e-12
431,11,1,0.1528805753824344,0.0,1.6370904631912708e-11,0.0,256.168756023882,445.34000000000003,2.523847797419876e-11,0.0,465.2450000000001,8.01492205937393e-12,6.252776074688882e-12,4.547473508864641e-13,5.002220859751105e-12,2.5579538487363607e-13,0.0,0.0,0.9999999999998579,5.115907697472721e-12
432,12,1,0.23928180491860962,212.0186435026303,1.6370904631912708e-11,2.7187362394945467,392.744896472399,445.34,2.546585164964199e-11,0.0,335.4730000000002,8.071765478234738e-12,6.30961949354969e-12,5.115907697472721e-13,5.002220859751105e-12,2.5579538487363607e-13,0.0,0.0,0.9999999999998579,5.229594535194337e-12
433,1,1,0.4258953486140818,699.4410527636014,1.6370904631912708e-11,0.0,639.2150708500267,445.34,2.546585164964199e-11,0.0,375.404,8.185452315956354e-12,6.30961949354969e-12,5.115907697472721e-13,5.229594535194337e-12,2.5579538487363607e-13,0.0,0.0,0.9999999999998579,5.229594535194337e-12
434,2,1,0.6301772359216121,1366.8755615806572,1.6370904631912708e-11,0.0,793.0,445.34000000000003,2.637534635141492e-11,0.0,415.3330000000001,8.29913915367797e-12,6.423306331271306e-12,5.115907697472721e-13,5.229594535194337e-12,2.2737367544323206e-13,0.0,0.0,0.9999999999998579,5.229594535194337e-12
435,3,1,0.719131005144573,1941.4034213672471,1.6825651982799172e-11,21.045447880252738,793.0,445.34,2.637534635141492e-11,0.0,263.66085137583127,8.412825991399586e-12,6.480149750132114e-12,5.115907697472721e-13,5.4569682106375694e-12,2.2737367544323206e-13,0.0,0.0,0.9999999999998863,5.115907697472721e-12
436,4,1,0.6134578716177833,1724.5340785644148,1.6825651982799172e-11,123.19999999999999,634.4000000000001,445.34000000000003,2.6830093702301383e-11,0.0,181.5,8.412825991399586e-12,6.536993168992922e-12,5.115907697472721e-13,5.4569682106375694e-12,2.2737367544323206e-13,0.0,0.0,0.9999999999998863,5.115907697472721e-12
437,5,2,0.49495734337110675,1131.6182045202313,1.7053025658242404e-11,123.20000000000002,712.7865803971144,445.34000000000003,2.7284841053187847e-11,0.0,181.5,8.412825991399586e-12,6.565414878423326e-12,5.115907697472721e-13,5.4569682106375694e-12,2.2737367544323206e-13,0.0,0.0,0.9999999999998721,5.229594535194337e-12
438,6,1,0.4457871278754991,1054.4,1.7053025658242404e-11,87.9220585031581,611.785650732259,445.34,2.7284841053187847e-11,0.0,181.5,8.412825991399586e-12,6.536993168992922e-12,5.115907697472721e-13,5.4569682106375694e-12,2.2737367544323206e-13,0.0,0.0,0.9999999999998721,5.343281372915953e-12
439,7,2,0.42439504555631596,1054.4,1.716671249596402e-11,114.41999999999999,483.0878165555631,445.34000000000003,2.7398527890909463e-11,0.0,181.5,8.469669410260394e-12,6.536993168992922e-12,5.115907697472721e-13,5.343281372915953e-12,2.2737367544323206e-13,0.0,0.0,0.9999999999998721,5.4001247917767614e-12
440,8,2,0.40410967055473035,1054.4,1.716671249596402e-11,78.24983425172658,422.7539407595598,445.34000000000003,2.751221472863108e-11,0.0,181.5,8.469669410260394e-12,6.536993168992922e-12,5.115907697472721e-13,5.343281372915953e-12,2.2737367544323206e-13,0.0,0.0,0.9999999999998863,5.4001247917767614e-12
441,9,2,0.39676756095308513,1054.4,1.716671249596402e-11,55.52855780661446,396.5,445.34000000000003,2.751221472863108e-11,0.0,181.5,8.469669410260394e-12,6.536993168992922e-12,5.684341886080801e-13,5.4001247917767614e-12,2.2737367544323206e-13,0.0,0.0,0.9999999999998934,5.4001247917767614e-12
442,10,3,0.40201444061138136,1058.4064777597255,1.716671249596402e-11,22.02000000000001,448.3233554892129,445.34000000000003,2.7398527890909463e-11,0.0,181.5,8.469669410260394e-12,6.536993168992922e-12,5.684341886080801e-13,5.4569682106375694e-12,2.2737367544323206e-13,0.0,0.0,0.9999999999999076,5.4569682106375694e-12
443,11,1,0.4987288372390526,1244.427936366128,1.716671249596402e-11,6.503259108355735,520.6136107495994,445.3400000000001,2.7284841053187847e-11,0.0,258.5533685551561,8.526512829121202e-12,6.59383658785373e-12,5.684341886080801e-13,5.5138116294983774e-12,2.2737367544323206e-13,0.0,0.0,0.9999999999999005,5.4569682106375694e-12
444,12,1,0.6152457055920734,1471.7452592746477,1.7280399333685637e-11,0.0,617.3254056885446,445.34000000000003,2.7284841053187847e-11,0.0,335.47300000000007,8.526512829121202e-12,6.650680006714538e-12,5.684341886080801e-13,5.6843418860808015e-12,2.2737367544323206e-13,0.0,0.0,0.9999999999999005,5.5706550483591855e-12
445,1,1,0.7092530552919518,1751.6171471794278,1.750777300912887e-11,0.0,727.4415361607826,445.34000000000003,2.7057467377744615e-11,0.0,375.404,8.526512829121202e-12,6.707523425575346e-12,5.684341886080801e-13,5.6843418860808015e-12,2.2737367544323206e-13,0.0,0.0,0.9999999999999147,5.4569682106375694e-12
446,2,1,0.5860542527068785,1635.9008407643628,1.7280399333685637e-11,0.0,634.4000000000001,445.34000000000003,2.7284841053187847e-11,0.0,124.59989999999999,8.526512829121202e-12,6.679101716144942e-12,5.684341886080801e-13,5.6843418860808015e-12,2.2737367544323206e-13,0.0,0.0,0.9999999999999147,5.5706550483591855e-12
447,3,2,0.3361091923504229,836.6163195149716,1.7280399333685637e-11,26.409999999999997,396.5,445.34000000000003,2.773958840407431e-11,0.0,151.5525,8.640199666842818e-12,6.707523425575346e-12,5.684341886080801e-13,5.9117155615240335e-12,2.2737367544323206e-13,0.0,0.0,0.9999999999999147,5.4569682106375694e-12
448,4,3,0.09008788287538877,20.26158744493796,1.750777300912887e-11,30.80000000000001,158.60000000000002,445.34000000000003,2.773958840407431e-11,0.0,181.4999999999999,8.640199666842818e-12,6.707523425575346e-12,5.115907697472721e-13,5.9117155615240335e-12,2.2737367544323206e-13,0.0,0.0,0.9999999999999147,5.4569682106375694e-12
449,5,4,-0.012459695992630103,0.0,1.7280399333685637e-11,30.80000000000001,158.60000000000002,445.34000000000003,2.7966962079517543e-11,0.0,181.5,8.640199666842818e-12,6.721734280290548e-12,5.115907697472721e-13,6.0254023992456496e-12,2.2737367544323206e-13,0.0,0.0,0.9999999999999147,5.5706550483591855e-12
450,6,4,-0.012459695992630103,0.0,1.7280399333685637e-11,30.80000000000001,158.60000000000002,445.34,2.7966962079517543e-11,0.0,181.5,8.640199666842818e-12,6.721734280290548e-12,5.115907697472721e-13,6.0254023992456496e-12,2.2737367544323206e-13,0.0,0.0,0.9999999999999147,5.5138116294983774e-12
451,7,3,-0.023187293220577828,0.0,1.7280399333685637e-11,0.0,158.60000000000002,445.34000000000003,2.7853275241795927e-11,0.0,166.22973392244268,8.668621376273222e-12,6.73594513500575e-12,5.115907697472721e-13,6.0254023992456496e-12,2.2737367544323206e-13,0.0,0.0,0.9999999999999147,5.5138116294983774e-12
452,8,4,-0.013608338568204504,0.0,1.716671249596402e-11,26.409999999999997,158.60000000000002,445.34000000000003,2.7853275241795927e-11,0.0,181.5,8.668621376273222e-12,6.721734280290548e-12,5.115907697472721e-13,6.0254023992456496e-12,2.2737367544323206e-13,0.0,0.0,0.9999999999999147,5.5138116294983774e-12
453,9,3,-0.02801182815350669,0.0,1.716671249596402e-11,0.0,158.60000000000002,445.3400000000001,2.7966962079517543e-11,0.0,147.23208066935166,8.668621376273222e-12,6.73594513500575e-12,5.115907697472721e-13,6.0254023992456496e-12,2.2737367544323206e-13,0.0,0.0,0.9999999999999218,5.5422333389287814e-12
454,10,4,-0.014780687320765387,0.0,1.7109869077103212e-11,22.02000000000001,158.60000000000002,445.34000000000003,2.7966962079517543e-11,0.0,181.5,8.668621376273222e-12,6.73594513500575e-12,5.115907697472721e-13,6.0254023992456496e-12,2.2737367544323206e-13,0.0,0.0,0.9999999999999218,5.5422333389287814e-12
455,11,1,-0.033734799006163045,0.0,1.7109869077103212e-11,0.0,158.60000000000002,445.34000000000003,2.7910118660656735e-11,0.0,129.08098257945795,8.697043085703626e-12,6.73594513500575e-12,5.684341886080801e-13,5.9685589803848416e-12,2.2737367544323206e-13,0.0,0.0,0.9999999999999218,5.4853899200679734e-12
456,12,1,-0.009300518778692477,0.0,1.7053025658242404e-11,0.0,158.60000000000002,445.34000000000003,2.8194335754960775e-11,0.0,100.64189999999996,8.697043085703626e-12,6.73594513500575e-12,5.684341886080801e-13,5.7980287238024175e-12,2.2737367544323206e-13,0.0,0.0,0.9999999999999147,5.5138116294983774e-12
457,1,4,-0.018057057103486842,0.0,1.7053025658242404e-11,22.02000000000001,206.60265464646136,445.34000000000003,2.7966962079517543e-11,0.0,112.62119999999999,8.753886504564434e-12,6.764366844436154e-12,5.115907697472721e-13,5.7980287238024175e-12,2.2737367544323206e-13,0.0,0.0,0.9999999999999147,5.4569682106375694e-12
458,2,3,-0.03469978952561406,0.0,1.7053025658242404e-11,0.0,158.60000000000002,445.34000000000003,2.7966962079517543e-11,0.0,124.59989999999999,8.753886504564434e-12,6.73594513500575e-12,4.547473508864641e-13,5.9117155615240335e-12,2.2737367544323206e-13,0.0,0.0,0.9999999999999147,5.5706550483591855e-12
459,3,4,-0.02106519939737154,0.0,1.7280399333685637e-11,26.409999999999997,158.60000000000002,445.34000000000003,2.7966962079517543e-11,0.0,151.5525,8.86757334228605e-12,6.73594513500575e-12,4.547473508864641e-13,5.9117155615240335e-12,2.2737367544323206e-13,0.0,0.0,0.9999999999999147,5.4569682106375694e-12
460,4,4,-0.012459695992630103,0.0,1.7280399333685637e-11,30.80000000000001,158.60000000000002,445.34000000000003,2.8194335754960775e-11,0.0,181.5,8.86757334228605e-12,6.73594513500575e-12,3.979039320256561e-13,5.9117155615240335e-12,2.2737367544323206e-13,0.0,0.0,0.9999999999999147,5.4001247917767614e-12
461,5,4,-0.012459695992630103,0.0,1.7280399333685637e-11,30.80000000000001,158.60000000000002,445.34000000000003,2.8194335754960775e-11,0.0,181.5,8.86757334228605e-12,6.721734280290548e-12,3.979039320256561e-13,5.9117155615240335e-12,2.2737367544323206e-13,0.0,0.0,0.9999999999999147,5.4001247917767614e-12
462,6,4,-0.012459695992630103,0.0,1.716671249596402e-11,30.80000000000001,158.60000000000002,445.34,2.830802259268239e-11,0.0,181.5,8.86757334228605e-12,6.721734280290548e-12,3.979039320256561e-13,5.8548721426632255e-12,2.2737367544323206e-13,0.0,0.0,0.9999999999999076,5.4285465012071654e-12
463,7,3,-0.033727171231248985,0.0,1.716671249596402e-11,0.0,158.60000000000002,445.34000000000003,2.830802259268239e-11,0.0,120.69693392244261,8.86757334228605e-12,6.73594513500575e-12,3.979039320256561e-13,5.9117155615240335e-12,2.2737367544323206e-13,0.0,0.0,0.9999999999999076,5.4285465012071654e-12
464,8,4,-0.027745699574145966,0.0,1.716671249596402e-11,18.914775233665893,158.60000000000002,445.34000000000003,2.830802259268239e-11,0.0,128.23143342669727,8.86757334228605e-12,6.721734280290548e-12,3.979039320256561e-13,5.9117155615240335e-12,2.2737367544323206e-13,0.0,0.0,0.9999999999999076,5.4001247917767614e-12
465,9,4,-0.030025766815904867,0.0,1.7109869077103212e-11,22.02000000000001,158.60000000000002,445.3400000000001,2.83648660115432e-11,0.0,116.64438281177735,8.86757334228605e-12,6.73594513500575e-12,3.979039320256561e-13,5.9117155615240335e-12,2.2737367544323206e-13,0.0,0.0,0.9999999999999076,5.4001247917767614e-12
466,10,4,-0.014780687320765387,0.0,1.716671249596402e-11,22.02000000000001,158.60000000000002,445.34000000000003,2.8421709430404007e-11,0.0,181.5,8.86757334228605e-12,6.73594513500575e-12,3.979039320256561e-13,5.9117155615240335e-12,2.2737367544323206e-13,0.0,0.0,0.9999999999999147,5.3717030823463574e-12
467,11,1,0.08026268887688169,0.0,1.716671249596402e-11,0.0,248.80220807168223,445.34,2.8421709430404007e-11,0.0,302.47797665240785,8.86757334228605e-12,6.764366844436154e-12,3.979039320256561e-13,5.9117155615240335e-12,2.2737367544323206e-13,0.0,0.0,0.9999999999999005,5.4001247917767614e-12
468,12,1,0.16541286813668155,19.39936286130751,1.750777300912887e-11,0.0,296.9822017442875,445.34000000000003,2.8421709430404007e-11,0.0,335.47300000000007,8.86757334228605e-12,6.821210263296962e-12,4.547473508864641e-13,5.9117155615240335e-12,2.2737367544323206e-13,0.0,0.0,0.9999999999999147,5.4569682106375694e-12
469,1,1,0.2757054008531621,292.3180170720466,1.77351466845721e-11,21.45671346105243,444.2448647909041,445.34000000000003,2.8194335754960775e-11,0.0,351.5854637712364,8.86757334228605e-12,6.87805368215777e-12,4.547473508864641e-13,5.9117155615240335e-12,2.2737367544323206e-13,0.0,0.0,0.9999999999999147,5.4569682106375694e-12
470,2,1,0.28455067223515473,571.1735524346036,1.77351466845721e-11,69.01389535796557,398.0241369349633,445.34000000000003,2.8194335754960775e-11,0.0,124.59989999999999,8.981260180007666e-12,6.849631972727366e-12,4.547473508864641e-13,5.9117155615240335e-12,2.2737367544323206e-13,0.0,0.0,0.9999999999999147,5.5138116294983774e-12
471,3,3,0.11600812373622672,131.80000000000018,1.77351466845721e-11,26.409999999999997,177.27150567870694,445.34000000000003,2.8194335754960775e-11,0.0,151.5525,9.094947017729282e-12,6.849631972727366e-12,4.547473508864641e-13,6.139089236967266e-12,2.2737367544323206e-13,0.0,0.0,0.9999999999999147,5.4569682106375694e-12
472,4,3,-0.012459695992630103,0.0,1.7962520360015333e-11,30.80000000000001,158.60000000000002,445.34000000000003,2.7966962079517543e-11,0.0,181.5,9.094947017729282e-12,6.849631972727366e-12,4.547473508864641e-13,6.139089236967266e-12,2.2737367544323206e-13,0.0,0.0,0.9999999999999147,5.4569682106375694e-12
473,5,4,-0.012459695992630103,0.0,1.7962520360015333e-11,30.80000000000001,158.60000000000002,445.34000000000003,2.7966962079517543e-11,0.0,181.5,9.094947017729282e-12,6.849631972727366e-12,4.547473508864641e-13,6.0822458181064576e-12,2.2737367544323206e-13,0.0,0.0,0.9999999999999218,5.5138116294983774e-12
474,6,4,-0.012459695992630103,0.0,1.7848833522293717e-11,30.80000000000001,158.60000000000002,445.34000000000003,2.7966962079517543e-11,0.0,181.5,9.066525308298878e-12,6.849631972727366e-12,4.547473508864641e-13,6.139089236967266e-12,2.2737367544323206e-13,0.0,0.0,0.9999999999999076,5.5706550483591855e-12
475,7,3,-0.019652550317704676,0.0,1.7678303265711293e-11,0.0,158.60000000000002,445.34000000000003,2.7966962079517543e-11,0.0,181.5,9.038103598868474e-12,6.849631972727366e-12,4.547473508864641e-13,6.139089236967266e-12,2.2737367544323206e-13,0.0,0.0,0.9999999999999005,5.5706550483591855e-12
476,8,4,-0.013608338568204504,0.0,1.7621459846850485e-11,26.409999999999997,158.60000000000002,445.34000000000003,2.802380549837835e-11,0.0,181.5,9.038103598868474e-12,6.835421118012164e-12,4.547473508864641e-13,6.139089236967266e-12,2.2737367544323206e-13,0.0,0.0,0.9999999999998934,5.5422333389287814e-12
477,9,3,0.016152869919381873,0.0,1.7621459846850485e-11,0.0,171.71167168104603,445.34000000000003,2.808064891723916e-11,0.0,181.5,9.038103598868474e-12,6.849631972727366e-12,4.547473508864641e-13,6.252776074688882e-12,2.2737367544323206e-13,0.0,0.0,0.9999999999999005,5.5706550483591855e-12
478,10,3,0.03733910930130218,0.0,1.7621459846850485e-11,0.0,158.60000000000002,445.34000000000003,2.7966962079517543e-11,0.0,181.5,9.038103598868474e-12,6.849631972727366e-12,4.547473508864641e-13,6.195932655828074e-12,2.2737367544323206e-13,0.0,0.0,0.9999999999999076,5.5706550483591855e-12
479,11,1,0.07301213490557591,0.0,1.7621459846850485e-11,0.0,166.75079507678697,445.34,2.7966962079517543e-11,0.0,139.57349999999997,9.038103598868474e-12,6.849631972727366e-12,4.547473508864641e-13,6.195932655828074e-12,2.2737367544323206e-13,0.0,0.0,0.9999999999999076,5.5706550483591855e-12
480,12,1,0.09502009930879368,115.21074181341282,1.7621459846850485e-11,0.0,158.60000000000002,445.34000000000003,2.7966962079517543e-11,0.0,100.64189999999996,8.981260180007666e-12,6.849631972727366e-12,4.547473508864641e-13,6.252776074688882e-12,2.2737367544323206e-13,0.0,0.0,0.9999999999999005,5.6843418860808015e-12
481,1,4,0.03829773706206217,0.0,1.7621459846850485e-11,22.02000000000001,190.5322546464613,445.34000000000003,2.7966962079517543e-11,0.0,112.62119999999999,9.094947017729282e-12,6.821210263296962e-12,4.547473508864641e-13,6.139089236967266e-12,2.2737367544323206e-13,0.0,0.0,0.9999999999999005,5.6843418860808015e-12
482,2,3,-0.050794990808946665,0.0,1.77351466845721e-11,0.0,158.60000000000002,445.34000000000003,2.7966962079517543e-11,0.0,58.82713357408301,9.208633855450898e-12,6.821210263296962e-12,4.547473508864641e-13,6.0254023992456496e-12,2.2737367544323206e-13,0.0,0.0,0.9999999999999005,5.7980287238024175e-12
483,3,4,-0.02106519939737154,0.0,1.77351466845721e-11,26.409999999999997,158.60000000000002,445.34000000000003,2.808064891723916e-11,0.0,151.5525,9.322320693172514e-12,6.821210263296962e-12,4.547473508864641e-13,6.366462912410498e-12,2.2737367544323206e-13,0.0,0.0,0.9999999999999005,5.6843418860808015e-12
484,4,4,-0.012459695992630103,0.0,1.77351466845721e-11,30.80000000000001,158.60000000000002,445.34000000000003,2.808064891723916e-11,0.0,181.5,9.322320693172514e-12,6.792788553866558e-12,4.547473508864641e-13,6.366462912410498e-12,2.2737367544323206e-13,0.0,0.0,0.9999999999998934,5.6274984672199935e-12
485,5,4,-0.012459695992630103,0.0,1.77351466845721e-11,30.80000000000001,158.60000000000002,445.34000000000003,2.802380549837835e-11,0.0,181.5,9.322320693172514e-12,6.778577699151356e-12,4.547473508864641e-13,6.423306331271306e-12,2.2737367544323206e-13,0.0,0.0,0.9999999999998934,5.6274984672199935e-12
486,6,4,-0.012459695992630103,0.0,1.77351466845721e-11,30.80000000000001,158.60000000000002,445.34000000000003,2.808064891723916e-11,0.0,181.5,9.322320693172514e-12,6.778577699151356e-12,4.547473508864641e-13,6.366462912410498e-12,2.2737367544323206e-13,0.0,0.0,0.9999999999998934,5.5138116294983774e-12
487,7,3,-0.019652550317704676,0.0,1.77351466845721e-11,0.0,158.60000000000002,445.34000000000003,2.808064891723916e-11,0.0,181.5,9.322320693172514e-12,6.785683126508957e-12,4.547473508864641e-13,6.366462912410498e-12,2.2737367544323206e-13,0.0,0.0,0.999999999999897,5.5706550483591855e-12
488,8,4,-0.013608338568204504,0.0,1.77351466845721e-11,26.409999999999997,158.60000000000002,445.34000000000003,2.808064891723916e-11,0.0,181.5,9.322320693172514e-12,6.778577699151356e-12,4.547473508864641e-13,6.30961949354969e-12,2.2737367544323206e-13,0.0,0.0,0.9999999999999005,5.5138116294983774e-12
489,9,3,-0.019956748624888367,0.0,1.77351466845721e-11,0.0,158.60000000000002,445.34000000000003,2.802380549837835e-11,0.0,181.5,9.322320693172514e-12,6.792788553866558e-12,4.547473508864641e-13,6.252776074688882e-12,2.2737367544323206e-13,0.0,0.0,0.9999999999999005,5.4569682106375694e-12
490,10,4,0.03523595865904685,0.0,1.7621459846850485e-11,22.02000000000001,191.7703839641589,445.34000000000003,2.7966962079517543e-11,0.0,267.2417604552179,9.322320693172514e-12,6.792788553866558e-12,5.115907697472721e-13,6.252776074688882e-12,2.2737367544323206e-13,0.0,0.0,0.9999999999999076,5.4001247917767614e-12
491,11,1,0.09119075211113538,0.0,1.7621459846850485e-11,0.0,217.20014531024367,445.34000000000003,2.7966962079517543e-11,0.0,284.61422074802545,9.322320693172514e-12,6.821210263296962e-12,5.684341886080801e-13,6.30961949354969e-12,2.2737367544323206e-13,0.0,0.0,0.9999999999999147,5.4001247917767614e-12
492,12,1,0.1900974967090745,137.6029567213327,1.7280399333685637e-11,0.0,276.05512567737696,445.34,2.7966962079517543e-11,0.0,335.47299999999996,9.379164112033322e-12,6.87805368215777e-12,6.252776074688882e-13,6.366462912410498e-12,2.2737367544323206e-13,0.0,0.0,0.9999999999999147,5.4569682106375694e-12
493,1,1,0.27453762591206515,383.8806845591712,1.750777300912887e-11,0.0,345.6205428370299,445.34000000000003,2.7966962079517543e-11,0.0,375.404,9.379164112033322e-12,6.934897101018578e-12,6.821210263296962e-13,6.480149750132114e-12,2.2737367544323206e-13,0.0,0.0,0.9999999999999147,5.4569682106375694e-12
494,2,1,0.35575319841547015,730.4360209100023,1.7280399333685637e-11,4.948037676631458,452.8473238914361,445.34000000000003,2.7966962079517543e-11,0.0,265.5480150423764,9.43600753089413e-12,6.991740519879386e-12,6.821210263296962e-13,6.366462912410498e-12,2.2737367544323206e-13,0.0,0.0,0.9999999999999147,5.5706550483591855e-12
495,3,1,0.22552986652307858,398.78390037717736,1.77351466845721e-11,0.0,396.5,445.34,2.8194335754960775e-11,0.0,151.5525,9.549694368615746e-12,7.048583938740194e-12,7.389644451905042e-13,6.59383658785373e-12,2.4158453015843406e-13,0.0,0.0,0.9999999999999147,5.4569682106375694e-12
496,4,3,0.0017946217587233933,0.0,1.8189894035458565e-11,30.80000000000001,158.60000000000002,445.34,2.8194335754960775e-11,0.0,181.5,9.549694368615746e-12,7.077005648170598e-12,7.389644451905042e-13,6.821210263296962e-12,2.4158453015843406e-13,0.0,0.0,0.9999999999999147,5.4569682106375694e-12
497,5,4,-0.012459695992630103,0.0,1.8189894035458565e-11,30.80000000000001,158.60000000000002,445.34000000000003,2.8194335754960775e-11,0.0,181.5,9.549694368615746e-12,7.077005648170598e-12,7.389644451905042e-13,6.707523425575346e-12,2.4158453015843406e-13,0.0,0.0,0.9999999999999147,5.4569682106375694e-12
498,6,4,-0.012459695992630103,0.0,1.8189894035458565e-11,30.80000000000001,158.60000000000002,445.34000000000003,2.8194335754960775e-11,0.0,181.5,9.549694368615746e-12,7.077005648170598e-12,7.958078640513122e-13,6.707523425575346e-12,2.4158453015843406e-13,0.0,0.0,0.9999999999999076,5.4569682106375694e-12
499,7,3,-0.02132731474810649,0.0,1.807620719773695e-11,0.0,158.60000000000002,445.34000000000003,2.830802259268239e-11,0.0,174.2649339224427,9.549694368615746e-12,7.105427357601002e-12,7.958078640513122e-13,6.707523425575346e-12,2.4158453015843406e-13,0.0,0.0,0.999999999999929,5.4569682106375694e-12
500,8,4,-0.013608338568204504,0.0,1.807620719773695e-11,26.409999999999997,158.60000000000002,445.34000000000003,2.830802259268239e-11,0.0,181.5,9.57811607804615e-12,7.0912165028858e-12,7.958078640513122e-13,6.650680006714538e-12,2.4158453015843406e-13,0.0,0.0,0.9999999999999218,5.4853899200679734e-12
501,9,3,-0.03105822935702322,0.0,1.807620719773695e-11,0.0,158.60000000000002,445.34000000000003,2.830802259268239e-11,0.0,134.27208066935162,9.606537787476555e-12,7.0912165028858e-12,7.389644451905042e-13,6.707523425575346e-12,2.4158453015843406e-13,0.0,0.0,0.999999999999929,5.5138116294983774e-12
502,10,4,0.010287480091376491,0.0,1.8189894035458565e-11,22.02000000000001,210.51918396415886,445.34000000000003,2.8535396268125623e-11,0.0,181.5,9.606537787476555e-12,7.105427357601002e-12,7.389644451905042e-13,6.650680006714538e-12,2.4158453015843406e-13,0.0,0.0,0.999999999999929,5.5138116294983774e-12
503,11,1,0.09120150725328761,0.0,1.8189894035458565e-11,0.0,251.51637781179386,445.34,2.864908310584724e-11,0.0,320.62197665240797,9.606537787476555e-12,7.16227077646181e-12,7.389644451905042e-13,6.650680006714538e-12,2.4158453015843406e-13,0.0,0.0,0.999999999999929,5.5138116294983774e-12
504,12,1,0.15308757085753666,0.0,1.8189894035458565e-11,0.0,291.6644701805004,445.34000000000003,2.864908310584724e-11,0.0,335.47299999999996,9.606537787476555e-12,7.219114195322618e-12,6.821210263296962e-13,6.59383658785373e-12,2.4158453015843406e-13,0.0,0.0,0.9999999999999147,5.5138116294983774e-12
505,1,1,0.2516430489479954,294.54430692887263,1.864464138634503e-11,0.0,409.45873720713666,445.34000000000003,2.887645678129047e-11,0.0,308.7605772322888,9.663381206337363e-12,7.275957614183426e-12,6.821210263296962e-13,6.480149750132114e-12,2.4158453015843406e-13,0.0,0.0,0.9999999999999147,5.5706550483591855e-12
506,2,1,0.2657369211146074,555.8618323382316,1.864464138634503e-11,0.0,405.4676782689528,445.34000000000003,2.9103830456733704e-11,0.0,124.59989999999999,9.663381206337363e-12,7.389644451905042e-12,6.821210263296962e-13,6.366462912410498e-12,2.4158453015843406e-13,0.0,0.0,0.9999999999999147,5.5706550483591855e-12
507,3,3,-0.02106519939737154,0.0,1.9099388737231493e-11,26.409999999999997,158.60000000000002,445.34000000000003,2.955857780762017e-11,0.0,151.5525,9.777068044058979e-12,7.503331289626658e-12,6.821210263296962e-13,6.366462912410498e-12,2.4158453015843406e-13,0.0,0.0,0.9999999999999147,5.4569682106375694e-12
508,4,4,-0.012459695992630103,0.0,1.9326762412674725e-11,30.80000000000001,158.60000000000002,445.34000000000003,2.955857780762017e-11,0.0,181.5,9.777068044058979e-12,7.560174708487466e-12,6.252776074688882e-13,6.366462912410498e-12,2.4158453015843406e-13,0.0,0.0,0.9999999999999147,5.4569682106375694e-12
509,5,4,-0.012459695992630103,0.0,1.921307557495311e-11,30.80000000000001,158.60000000000002,445.34000000000003,2.955857780762017e-11,0.0,181.5,9.833911462919787e-12,7.617018127348274e-12,5.684341886080801e-13,6.480149750132114e-12,2.4158453015843406e-13,0.0,0.0,0.999999999999929,5.5706550483591855e-12
510,6,4,-0.012459695992630103,0.0,1.921307557495311e-11,30.80000000000001,158.60000000000002,445.34000000000003,2.955857780762017e-11,0.0,181.5,9.833911462919787e-12,7.58859641791787e-12,5.684341886080801e-13,6.536993168992922e-12,2.4158453015843406e-13,0.0,0.0,0.9999999999999147,5.5706550483591855e-12
511,7,3,-0.020087329099792228,0.0,1.921307557495311e-11,0.0,158.60000000000002,445.34000000000003,2.955857780762017e-11,0.0,179.62173392244262,9.833911462919787e-12,7.617018127348274e-12,5.684341886080801e-13,6.536993168992922e-12,2.4158453015843406e-13,0.0,0.0,0.9999999999999147,5.5706550483591855e-12
512,8,4,-0.013608338568204504,0.0,1.921307557495311e-11,26.409999999999997,158.60000000000002,445.34000000000003,2.955857780762017e-11,0.0,181.5,9.86233317235019e-12,7.617018127348274e-12,5.684341886080801e-13,6.59383658785373e-12,2.4158453015843406e-13,0.0,0.0,0.9999999999998934,5.6274984672199935e-12
513,9,3,-0.029839668875616673,0.0,1.91562321560923e-11,0.0,158.60000000000002,445.34000000000003,2.944489096989855e-11,0.0,139.4560806693517,9.86233317235019e-12,7.617018127348274e-12,5.684341886080801e-13,6.536993168992922e-12,2.4158453015843406e-13,0.0,0.0,0.9999999999999005,5.5706550483591855e-12
514,10,4,-0.014780687320765387,0.0,1.921307557495311e-11,22.02000000000001,158.60000000000002,445.34000000000003,2.944489096989855e-11,0.0,181.5,9.890754881780595e-12,7.617018127348274e-12,5.684341886080801e-13,6.536993168992922e-12,2.4158453015843406e-13,0.0,0.0,0.9999999999999005,5.5706550483591855e-12
515,11,1,0.021679870114283583,0.0,1.921307557495311e-11,0.0,202.14620807168217,445.34000000000003,2.955857780762017e-11,0.0,167.6939766524078,9.890754881780595e-12,7.645439836778678e-12,5.115907697472721e-13,6.59383658785373e-12,2.4158453015843406e-13,0.0,0.0,0.9999999999998863,5.6274984672199935e-12
516,12,1,0.15197918846616434,0.0,1.9099388737231493e-11,0.0,285.0882551640584,445.3399999999999,2.955857780762017e-11,0.0,335.47300000000007,1.000444171950221e-11,7.673861546209082e-12,4.547473508864641e-13,6.59383658785373e-12,2.2737367544323206e-13,0.0,0.0,0.9999999999998863,5.6843418860808015e-12
517,1,1,0.3097153321435095,476.2081557092324,1.9099388737231493e-11,2.707913461052442,392.16149543581196,445.34,3.001332515850663e-11,0.0,375.4040000000002,1.000444171950221e-11,7.73070496506989e-12,3.979039320256561e-13,6.59383658785373e-12,2.2737367544323206e-13,0.0,0.0,0.9999999999998579,5.6843418860808015e-12
518,2,1,0.246328280231089,485.5164295835816,1.9099388737231493e-11,0.0,396.5,445.34000000000003,3.001332515850663e-11,0.0,124.59989999999999,1.0118128557223827e-11,7.759126674500294e-12,4.547473508864641e-13,6.59383658785373e-12,2.2737367544323206e-13,0.0,0.0,0.9999999999998721,5.7980287238024175e-12
519,3,3,0.08455700168175516,18.431046235470603,1.9554136088117957e-11,26.409999999999997,158.60000000000002,445.34000000000003,3.001332515850663e-11,0.0,151.5525,1.0231815394945443e-11,7.787548383930698e-12,4.547473508864641e-13,6.821210263296962e-12,2.2737367544323206e-13,0.0,0.0,0.9999999999999147,5.5706550483591855e-12
520,4,4,-0.012459695992630103,0.0,1.9554136088117957e-11,30.80000000000001,158.60000000000002,445.34000000000003,3.0468072509393096e-11,0.0,181.5,1.0231815394945443e-11,7.815970093361102e-12,3.979039320256561e-13,6.821210263296962e-12,2.2737367544323206e-13,0.0,0.0,0.9999999999998863,5.5706550483591855e-12
521,5,4,-0.012459695992630103,0.0,1.9554136088117957e-11,30.80000000000001,158.60000000000002,445.34000000000003,3.058175934711471e-11,0.0,181.5,1.0231815394945443e-11,7.844391802791506e-12,3.979039320256561e-13,6.821210263296962e-12,2.2737367544323206e-13,0.0,0.0,0.9999999999998721,5.5706550483591855e-12
522,6,4,-0.012459695992630103,0.0,1.9554136088117957e-11,30.799999999999955,158.60000000000002,445.34000000000003,3.069544618483633e-11,0.0,181.5,1.0231815394945443e-11,7.844391802791506e-12,3.979039320256561e-13,6.821210263296962e-12,2.2737367544323206e-13,0.0,0.0,0.9999999999998863,5.6274984672199935e-12
523,7,3,-0.019652550317704676,0.0,1.9554136088117957e-11,0.0,158.60000000000002,445.34000000000003,3.0809133022557944e-11,0.0,181.5,1.0231815394945443e-11,7.844391802791506e-12,3.979039320256561e-13,6.821210263296962e-12,2.2737367544323206e-13,0.0,0.0,0.9999999999998863,5.6843418860808015e-12
524,8,4,-0.015975343702178665,0.0,1.9610979506978765e-11,16.236375233665882,158.60000000000002,445.34000000000003,3.0752289603697136e-11,0.0,181.5,1.0260237104375847e-11,7.830180948076304e-12,3.979039320256561e-13,6.821210263296962e-12,2.2737367544323206e-13,0.0,0.0,0.999999999999865,5.6843418860808015e-12
525,9,4,-0.014780687320765387,0.0,1.9667822925839573e-11,22.019999999999982,158.60000000000002,443.18624,3.069544618483633e-11,0.0,181.5,1.0260237104375847e-11,7.830180948076304e-12,4.547473508864641e-13,6.849631972727366e-12,2.2737367544323206e-13,0.0,0.0,0.999999999999865,5.6843418860808015e-12
526,10,4,-0.014780687320765387,0.0,1.972466634470038e-11,22.02000000000001,158.60000000000002,445.34000000000003,3.069544618483633e-11,0.0,181.5,1.0260237104375847e-11,7.815970093361102e-12,4.547473508864641e-13,6.821210263296962e-12,2.2737367544323206e-13,0.0,0.0,0.9999999999998721,5.6559201766503975e-12
527,11,1,-0.03115713006489306,0.0,1.978150976356119e-11,0.0,158.60000000000002,445.34,3.0809133022557944e-11,0.0,139.57349999999997,1.0260237104375847e-11,7.87281351222191e-12,4.547473508864641e-13,6.821210263296962e-12,2.2737367544323206e-13,0.0,0.0,0.9999999999998792,5.5990767577895895e-12
528,12,1,0.05725480784520049,0.0,1.9667822925839573e-11,0.0,214.7038881075233,445.34,3.092281986027956e-11,0.0,205.675039052018,1.0231815394945443e-11,7.929656931082718e-12,5.115907697472721e-13,6.821210263296962e-12,2.2737367544323206e-13,0.0,0.0,0.9999999999998721,5.5706550483591855e-12
529,1,1,0.16566727570848325,80.58003979067826,1.978150976356119e-11,0.0,254.73674850487964,445.34,3.115019353572279e-11,0.0,331.4283921899064,1.0231815394945443e-11,7.958078640513122e-12,5.115907697472721e-13,6.821210263296962e-12,2.2737367544323206e-13,0.0,0.0,0.9999999999998863,5.4569682106375694e-12
530,2,1,0.17918021382198232,275.7734958587839,1.9554136088117957e-11,0.0,331.8435018611119,445.34000000000003,3.092281986027956e-11,0.0,124.59989999999999,1.0345502232667059e-11,7.958078640513122e-12,5.684341886080801e-13,6.821210263296962e-12,2.2737367544323206e-13,0.0,0.0,0.9999999999998863,5.4569682106375694e-12
531,3,3,-0.02106519939737154,0.0,1.9554136088117957e-11,26.409999999999997,158.60000000000002,445.34000000000003,3.1377567211166024e-11,0.0,151.5525,1.0459189070388675e-11,7.958078640513122e-12,5.684341886080801e-13,6.821210263296962e-12,2.2737367544323206e-13,0.0,0.0,0.9999999999998863,5.229594535194337e-12
532,4,4,-0.012459695992630103,0.0,1.944044925039634e-11,30.80000000000001,158.60000000000002,445.34000000000003,3.149125404888764e-11,0.0,181.5,1.0459189070388675e-11,7.958078640513122e-12,5.684341886080801e-13,6.821210263296962e-12,2.2737367544323206e-13,0.0,0.0,0.9999999999998863,5.229594535194337e-12
533,5,4,-0.012459695992630103,0.0,1.944044925039634e-11,30.80000000000001,158.60000000000002,445.34000000000003,3.1604940886609256e-11,0.0,181.5,1.0459189070388675e-11,7.958078640513122e-12,5.684341886080801e-13,6.821210263296962e-12,2.2737367544323206e-13,0.0,0.0,0.9999999999998934,5.229594535194337e-12
534,6,4,-0.012459695992630103,0.0,1.9326762412674725e-11,30.80000000000001,158.60000000000002,445.34,3.171862772433087e-11,0.0,181.5,1.0459189070388675e-11,7.958078640513122e-12,5.684341886080801e-13,6.821210263296962e-12,2.2737367544323206e-13,0.0,0.0,0.9999999999998792,5.258016244624741e-12
535,7,3,-0.025667264517206346,0.0,1.9326762412674725e-11,0.0,158.60000000000002,445.34000000000003,3.171862772433087e-11,0.0,155.51613392244263,1.0459189070388675e-11,7.972289495228324e-12,5.684341886080801e-13,6.821210263296962e-12,2.2737367544323206e-13,0.0,0.0,0.9999999999998792,5.229594535194337e-12
536,8,4,-0.028395124451323153,0.0,1.9326762412674725e-11,13.557975233666042,154.78892486282916,442.66366400000004,3.171862772433087e-11,0.0,134.60801549927288,1.0459189070388675e-11,7.972289495228324e-12,5.684341886080801e-13,6.849631972727366e-12,2.2737367544323206e-13,0.0,0.0,0.9999999999998792,5.201172825763933e-12
537,9,4,-0.03677459882303566,0.0,1.9383605831535533e-11,10.82812089001402,149.30410726399373,440.509904,3.177547114319168e-11,0.0,108.42127353303391,1.0459189070388675e-11,7.986500349943526e-12,5.684341886080801e-13,6.849631972727366e-12,2.2737367544323206e-13,0.0,0.0,0.9999999999998792,5.201172825763933e-12
538,10,4,-0.015463687150063946,0.0,1.9326762412674725e-11,22.02000000000001,155.69438212619775,445.34000000000003,3.183231456205249e-11,0.0,181.5,1.0459189070388675e-11,7.986500349943526e-12,5.684341886080801e-13,6.87805368215777e-12,2.2737367544323206e-13,0.0,0.0,0.9999999999998934,5.172751116333529e-12
539,11,1,0.0731805789062525,0.0,1.9326762412674725e-11,0.0,186.27816074128748,445.34,3.183231456205249e-11,0.0,312.84597665240767,1.0459189070388675e-11,8.043343768804334e-12,5.115907697472721e-13,6.934897101018578e-12,2.2737367544323206e-13,0.0,0.0,0.9999999999999005,5.229594535194337e-12
540,12,1,0.19283803957706622,141.86537046951344,1.9326762412674725e-11,0.0,282.5925692687206,445.34,3.183231456205249e-11,0.0,335.47299999999996,1.0516032489249483e-11,8.100187187665142e-12,5.115907697472721e-13,6.934897101018578e-12,2.2737367544323206e-13,0.0,0.0,0.9999999999999005,5.343281372915953e-12
541,1,1,0.2926095018152475,457.7866065920675,1.8985701899509877e-11,0.0,354.8437876192961,445.34000000000003,3.1604940886609256e-11,0.0,365.0069772322887,1.057287590811029e-11,8.128608897095546e-12,5.684341886080801e-13,6.934897101018578e-12,2.2737367544323206e-13,0.0,0.0,0.9999999999999005,5.343281372915953e-12
542,2,1,0.3097922645876472,744.8609227689221,1.9099388737231493e-11,0.0,396.5,445.34000000000003,3.183231456205249e-11,0.0,124.59989999999999,1.057287590811029e-11,8.15703060652595e-12,5.684341886080801e-13,6.821210263296962e-12,2.2737367544323206e-13,0.0,0.0,0.9999999999999147,5.4569682106375694e-12
543,3,3,0.1590866584293915,131.80000000000018,1.9554136088117957e-11,26.409999999999997,358.1270409176534,445.34,3.183231456205249e-11,0.0,151.5525,1.0686562745831907e-11,8.15703060652595e-12,5.115907697472721e-13,7.048583938740194e-12,2.2737367544323206e-13,0.0,0.0,0.999999999999929,5.229594535194337e-12
544,4,3,0.018808190234356408,0.0,1.978150976356119e-11,30.80000000000001,158.60000000000002,445.34000000000003,3.205968823749572e-11,0.0,181.5,1.0686562745831907e-11,8.15703060652595e-12,5.115907697472721e-13,7.275957614183426e-12,2.2737367544323206e-13,0.0,0.0,0.999999999999929,5.229594535194337e-12
545,5,4,-0.012459695992630103,0.0,1.9667822925839573e-11,30.80000000000001,158.60000000000002,445.34000000000003,3.205968823749572e-11,0.0,181.5,1.0686562745831907e-11,8.15703060652595e-12,4.547473508864641e-13,7.275957614183426e-12,2.2737367544323206e-13,0.0,0.0,0.9999999999999218,5.343281372915953e-12
546,6,4,-0.012459695992630103,0.0,1.978150976356119e-11,30.80000000000001,158.60000000000002,445.34000000000003,3.228706191293895e-11,0.0,181.5,1.0686562745831907e-11,8.185452315956354e-12,4.547473508864641e-13,7.389644451905042e-12,2.2737367544323206e-13,0.0,0.0,0.9999999999999147,5.343281372915953e-12
547,7,3,0.07776025716018185,0.0,1.978150976356119e-11,0.0,243.25647686282923,445.34000000000003,3.240074875066057e-11,0.0,273.08272459278464,1.0743406164692715e-11,8.199663170671556e-12,4.547473508864641e-13,7.389644451905042e-12,2.2737367544323206e-13,0.0,0.0,0.9999999999999076,5.229594535194337e-12
548,8,1,0.13684888264461398,0.0,1.978150976356119e-11,0.0,300.8268140476773,445.34000000000003,3.2514435588382185e-11,0.0,287.3633684471381,1.0743406164692715e-11,8.185452315956354e-12,4.547473508864641e-13,7.389644451905042e-12,2.2737367544323206e-13,0.0,0.0,0.9999999999999005,5.229594535194337e-12
549,9,1,0.22641038657294707,191.72965687128863,1.978150976356119e-11,0.0,380.62324267122085,445.34000000000003,3.2514435588382185e-11,0.0,390.84216701612206,1.0743406164692715e-11,8.185452315956354e-12,4.547473508864641e-13,7.389644451905042e-12,2.2737367544323206e-13,0.0,0.0,0.9999999999999005,5.286437954055145e-12
550,10,1,0.3293846269525074,363.98964042171747,1.978150976356119e-11,0.0,445.8448195349307,445.34000000000003,3.2514435588382185e-11,0.0,591.4336200247085,1.0743406164692715e-11,8.185452315956354e-12,3.979039320256561e-13,7.389644451905042e-12,2.2737367544323206e-13,0.0,0.0,0.9999999999999005,5.172751116333529e-12
551,11,1,0.36893919476595155,526.1814445145965,1.978150976356119e-11,0.0,510.35715004397343,445.34,3.2514435588382185e-11,0.0,465.2450000000001,1.0743406164692715e-11,8.242295734817162e-12,3.979039320256561e-13,7.389644451905042e-12,2.2737367544323206e-13,0.0,0.0,0.9999999999999005,5.115907697472721e-12
552,12,1,0.4396490454520463,781.9917983900737,1.978150976356119e-11,0.0,615.0922894031237,445.34000000000003,3.228706191293895e-11,0.0,335.47300000000007,1.0743406164692715e-11,8.29913915367797e-12,4.547473508864641e-13,7.275957614183426e-12,2.2737367544323206e-13,0.0,0.0,0.9999999999999432,5.229594535194337e-12
553,1,1,0.5717485743787849,1213.814071182333,2.000888343900442e-11,5.386313461052424,706.4572147957699,445.34,3.228706191293895e-11,0.0,375.404,1.0800249583553523e-11,8.29913915367797e-12,5.115907697472721e-13,7.503331289626658e-12,2.2737367544323206e-13,0.0,0.0,0.9999999999999574,5.229594535194337e-12
554,2,1,0.5554171178405669,1430.4904941220625,2.000888343900442e-11,0.0,714.6122158424116,445.34000000000003,3.228706191293895e-11,0.0,124.59989999999999,1.0800249583553523e-11,8.270717444247566e-12,5.684341886080801e-13,7.503331289626658e-12,2.2737367544323206e-13,0.0,0.0,0.9999999999999574,5.343281372915953e-12
555,3,1,0.2373885507794289,448.5699180235065,2.0463630789890885e-11,0.0,396.5,445.34000000000003,3.2741809263825417e-11,0.0,151.5525,1.0913936421275139e-11,8.29913915367797e-12,5.115907697472721e-13,7.73070496506989e-12,2.2737367544323206e-13,0.0,0.0,0.9999999999999858,5.229594535194337e-12
556,4,3,0.050259524444045335,0.0,2.0691004465334117e-11,30.80000000000001,158.60000000000002,445.34000000000003,3.296918293926865e-11,0.0,181.5,1.0913936421275139e-11,8.327560863108374e-12,5.684341886080801e-13,7.73070496506989e-12,2.2737367544323206e-13,0.0,0.0,0.9999999999999858,5.229594535194337e-12
557,5,4,-0.012459695992630103,0.0,2.0691004465334117e-11,30.80000000000004,158.60000000000002,445.34000000000003,3.3082869776990265e-11,0.0,181.5,1.0913936421275139e-11,8.327560863108374e-12,5.684341886080801e-13,7.73070496506989e-12,2.2737367544323206e-13,0.0,0.0,0.9999999999999858,5.229594535194337e-12
558,6,4,-0.012459695992630103,0.0,2.05773176276125e-11,30.80000000000001,158.60000000000002,445.34000000000003,3.3082869776990265e-11,0.0,181.5,1.0970779840135947e-11,8.341771717823576e-12,5.684341886080801e-13,7.73070496506989e-12,2.2737367544323206e-13,0.0,0.0,0.9999999999999787,5.229594535194337e-12
559,7,3,-0.019652550317704676,0.0,2.0463630789890885e-11,0.0,158.60000000000002,444.978848,3.3026026358129457e-11,0.0,181.5,1.0942358130705543e-11,8.355982572538778e-12,5.684341886080801e-13,7.73070496506989e-12,2.2737367544323206e-13,0.0,0.0,0.9999999999999716,5.201172825763933e-12
560,8,4,-0.013608338568204504,0.0,2.0406787371030077e-11,26.409999999999997,158.60000000000002,444.98091200000005,3.3026026358129457e-11,0.0,181.5,1.0885514711844735e-11,8.341771717823576e-12,5.684341886080801e-13,7.73070496506989e-12,2.2737367544323206e-13,0.0,0.0,0.9999999999999716,5.201172825763933e-12
561,9,3,-0.017357543319299888,0.0,2.0463630789890885e-11,0.0,158.60000000000002,445.34000000000003,3.3026026358129457e-11,0.0,181.5,1.0857093002414331e-11,8.355982572538778e-12,5.684341886080801e-13,7.787548383930698e-12,2.2737367544323206e-13,0.0,0.0,0.9999999999999787,5.172751116333529e-12
562,10,4,-0.014780687320765387,0.0,2.0463630789890885e-11,22.02000000000001,158.60000000000002,445.34000000000003,3.3082869776990265e-11,0.0,181.5,1.0857093002414331e-11,8.341771717823576e-12,5.684341886080801e-13,7.73070496506989e-12,2.2737367544323206e-13,0.0,0.0,0.9999999999999645,5.229594535194337e-12
563,11,1,0.03505203526661571,0.0,2.0463630789890885e-11,0.0,189.18620807168224,445.34,3.3082869776990265e-11,0.0,206.57397665240774,1.0857093002414331e-11,8.355982572538778e-12,5.684341886080801e-13,7.73070496506989e-12,2.2737367544323206e-13,0.0,0.0,0.9999999999999716,5.229594535194337e-12
564,12,1,0.1528198715705687,0.0,2.0691004465334117e-11,0.0,266.7554237487649,445.3399999999999,3.296918293926865e-11,0.0,335.47300000000007,1.0857093002414331e-11,8.412825991399586e-12,5.684341886080801e-13,7.73070496506989e-12,2.4158453015843406e-13,0.0,0.0,0.9999999999999716,5.343281372915953e-12
565,1,1,0.26394716085615955,329.1413102376223,2.091837814077735e-11,0.0,357.73748913272107,445.34000000000003,3.3651303965598345e-11,0.0,375.404,1.1027623258996755e-11,8.526512829121202e-12,5.684341886080801e-13,7.503331289626658e-12,2.4158453015843406e-13,0.0,0.0,0.9999999999999716,5.229594535194337e-12
566,2,1,0.20306844654383324,295.387828168592,2.091837814077735e-11,0.0,409.8480264691914,445.34000000000003,3.387867764104158e-11,0.0,124.59989999999999,1.1027623258996755e-11,8.58335624798201e-12,5.684341886080801e-13,7.503331289626658e-12,2.4158453015843406e-13,0.0,0.0,0.9999999999999716,5.343281372915953e-12
567,3,3,-0.013051977350981006,0.0,2.091837814077735e-11,26.409999999999997,158.60000000000002,445.34000000000003,3.3651303965598345e-11,0.0,151.5525,1.1141310096718371e-11,8.640199666842818e-12,5.684341886080801e-13,7.73070496506989e-12,2.4158453015843406e-13,0.0,0.0,0.9999999999999716,5.229594535194337e-12
568,4,4,-0.012459695992630103,0.0,2.1032064978498966e-11,30.80000000000001,158.60000000000002,445.34000000000003,3.376499080331996e-11,0.0,181.5,1.1141310096718371e-11,8.640199666842818e-12,5.115907697472721e-13,7.73070496506989e-12,2.4158453015843406e-13,0.0,0.0,0.9999999999999716,5.172751116333529e-12
569,5,4,-0.012459695992630103,0.0,2.091837814077735e-11,30.80000000000001,158.60000000000002,445.34000000000003,3.3651303965598345e-11,0.0,181.5,1.1141310096718371e-11,8.640199666842818e-12,5.115907697472721e-13,7.73070496506989e-12,2.4158453015843406e-13,0.0,0.0,0.9999999999999716,5.172751116333529e-12
570,6,4,-0.012459695992630103,0.0,2.091837814077735e-11,30.799999999999955,158.60000000000002,445.34000000000003,3.3651303965598345e-11,0.0,181.5,1.1141310096718371e-11,8.640199666842818e-12,5.684341886080801e-13,7.787548383930698e-12,2.4158453015843406e-13,0.0,0.0,0.9999999999999645,5.172751116333529e-12
571,7,3,-0.019652550317704676,0.0,2.0975221559638157e-11,0.0,158.60000000000002,444.978848,3.376499080331996e-11,0.0,181.5,1.1141310096718371e-11,8.640199666842818e-12,5.684341886080801e-13,7.73070496506989e-12,2.4158453015843406e-13,0.0,0.0,0.9999999999999574,5.172751116333529e-12
572,8,4,-0.01846797998332605,0.0,2.1032064978498966e-11,5.522775233666067,158.60000000000002,442.30251200000004,3.370814738445915e-11,0.0,181.5,1.1169731806148775e-11,8.625988812127616e-12,5.684341886080801e-13,7.787548383930698e-12,2.4158453015843406e-13,0.0,0.0,0.9999999999999574,5.172751116333529e-12
573,9,4,-0.01929763752264316,0.0,2.1032064978498966e-11,2.803990451171501,158.60000000000002,440.14875200000006,3.370814738445915e-11,0.0,181.5,1.1169731806148775e-11,8.640199666842818e-12,5.684341886080801e-13,7.787548383930698e-12,2.4158453015843406e-13,0.0,0.0,0.9999999999999574,5.172751116333529e-12
574,10,4,-0.01849937100924857,0.0,2.0975221559638157e-11,6.199975852454656,158.60000000000002,438.8759840000001,3.370814738445915e-11,0.0,181.5,1.1169731806148775e-11,8.640199666842818e-12,5.684341886080801e-13,7.815970093361102e-12,2.4158453015843406e-13,0.0,0.0,0.9999999999999716,5.144329406903125e-12
575,11,1,0.0031434059852083005,0.0,2.1032064978498966e-11,0.0,183.3251733458029,445.34000000000003,3.3651303965598345e-11,0.0,139.57349999999997,1.1141310096718371e-11,8.640199666842818e-12,5.684341886080801e-13,7.901235221652314e-12,2.4158453015843406e-13,0.0,0.0,0.9999999999999716,5.115907697472721e-12
576,12,1,0.030211307105629876,0.0,2.091837814077735e-11,0.0,178.4322542545167,445.34000000000003,3.387867764104158e-11,0.0,100.64189999999996,1.1141310096718371e-11,8.640199666842818e-12,5.684341886080801e-13,7.844391802791506e-12,2.4158453015843406e-13,0.0,0.0,0.9999999999999574,5.115907697472721e-12
577,1,3,0.05395579397407531,0.0,2.091837814077735e-11,0.0,158.60000000000002,445.34000000000003,3.3651303965598345e-11,0.0,112.62119999999999,1.1141310096718371e-11,8.668621376273222e-12,6.252776074688882e-13,7.73070496506989e-12,2.4158453015843406e-13,0.0,0.0,0.9999999999999574,5.115907697472721e-12
578,2,4,0.02613221425622075,0.0,2.091837814077735e-11,24.214999999999975,203.07649168849628,445.34000000000003,3.3651303965598345e-11,0.0,124.59989999999999,1.1254996934439987e-11,8.753886504564434e-12,6.821210263296962e-13,7.73070496506989e-12,2.4158453015843406e-13,0.0,0.0,0.9999999999999432,5.229594535194337e-12
579,3,3,-0.027355878307161838,0.0,2.114575181622058e-11,0.0,158.60000000000002,445.34000000000003,3.387867764104158e-11,0.0,151.5525,1.1368683772161603e-11,8.86757334228605e-12,6.821210263296962e-13,7.958078640513122e-12,2.4158453015843406e-13,0.0,0.0,0.9999999999999716,5.115907697472721e-12
580,4,4,-0.012459695992630103,0.0,2.114575181622058e-11,30.80000000000001,158.60000000000002,445.34000000000003,3.387867764104158e-11,0.0,181.5,1.1368683772161603e-11,8.895995051716454e-12,6.821210263296962e-13,7.901235221652314e-12,2.4158453015843406e-13,0.0,0.0,0.9999999999999432,5.059064278611913e-12
581,5,4,-0.012459695992630103,0.0,2.114575181622058e-11,30.80000000000001,158.60000000000002,445.34000000000003,3.399236447876319e-11,0.0,181.5,1.1368683772161603e-11,8.924416761146858e-12,6.821210263296962e-13,7.901235221652314e-12,2.4158453015843406e-13,0.0,0.0,0.9999999999999432,5.059064278611913e-12
582,6,4,-0.012459695992630103,0.0,2.114575181622058e-11,30.80000000000001,158.60000000000002,445.34000000000003,3.399236447876319e-11,0.0,181.5,1.1368683772161603e-11,8.924416761146858e-12,6.821210263296962e-13,7.901235221652314e-12,2.4158453015843406e-13,0.0,0.0,0.9999999999999432,5.087485988042317e-12
583,7,3,-0.019652550317704676,0.0,2.1259438653942198e-11,0.0,158.60000000000002,445.34000000000003,3.399236447876319e-11,0.0,181.5,1.1368683772161603e-11,8.924416761146858e-12,6.821210263296962e-13,7.901235221652314e-12,2.4158453015843406e-13,0.0,0.0,0.9999999999999432,5.059064278611913e-12
584,8,4,-0.013608338568204504,0.0,2.1259438653942198e-11,26.409999999999997,158.60000000000002,445.34000000000003,3.410605131648481e-11,0.0,181.5,1.1397105481592007e-11,8.924416761146858e-12,6.821210263296962e-13,7.901235221652314e-12,2.4158453015843406e-13,0.0,0.0,0.999999999999936,5.030642569181509e-12
585,9,3,0.00031158366109587784,0.0,2.1259438653942198e-11,0.0,158.60000000000002,445.34000000000003,3.410605131648481e-11,0.0,181.5,1.1368683772161603e-11,8.924416761146858e-12,6.821210263296962e-13,7.958078640513122e-12,2.4158453015843406e-13,0.0,0.0,0.9999999999999432,5.002220859751105e-12
586,10,4,0.010798903667807988,0.0,2.1316282072803006e-11,22.02000000000001,183.73518396415886,445.34000000000003,3.4049207897624e-11,0.0,181.5,1.1368683772161603e-11,8.924416761146858e-12,6.821210263296962e-13,7.958078640513122e-12,2.4158453015843406e-13,0.0,0.0,0.9999999999999574,4.945377440890297e-12
587,11,1,0.13446581755408413,0.0,2.1259438653942198e-11,0.0,240.26230075613591,445.34000000000003,3.410605131648481e-11,0.0,442.71298257945796,1.1368683772161603e-11,8.981260180007666e-12,6.252776074688882e-13,7.958078640513122e-12,2.4158453015843406e-13,0.0,0.0,0.9999999999999574,4.945377440890297e-12
588,12,1,0.18109080441096073,73.66245499897377,2.1373125491663814e-11,0.0,304.5022975720211,445.34000000000003,3.410605131648481e-11,0.0,335.47300000000007,1.1368683772161603e-11,9.038103598868474e-12,6.252776074688882e-13,7.958078640513122e-12,2.4158453015843406e-13,0.0,0.0,0.9999999999999574,4.945377440890297e-12
589,1,1,0.27635547627882134,362.71752947366485,2.1600499167107046e-11,0.0,374.0998257799845,445.34,3.433342499192804e-11,0.0,375.4040000000001,1.1368683772161603e-11,9.15179043659009e-12,6.252776074688882e-13,7.958078640513122e-12,2.5579538487363607e-13,0.0,0.0,0.9999999999999432,4.888534022029489e-12
590,2,1,0.23307667657755357,431.3639765306707,2.1827872842550278e-11,0.0,396.5,445.34000000000003,3.456079866737127e-11,0.0,124.59989999999999,1.1482370609883219e-11,9.180212146020494e-12,6.821210263296962e-13,7.958078640513122e-12,2.5579538487363607e-13,0.0,0.0,0.9999999999999574,4.888534022029489e-12
591,3,3,-0.02106519939737154,0.0,2.1827872842550278e-11,26.409999999999997,158.60000000000002,445.34000000000003,3.501554601825774e-11,0.0,151.5525,1.1596057447604835e-11,9.180212146020494e-12,6.821210263296962e-13,7.958078640513122e-12,2.5579538487363607e-13,0.0,0.0,0.9999999999999574,4.774847184307873e-12
592,4,4,-0.012459695992630103,0.0,2.205524651799351e-11,30.80000000000001,158.60000000000002,445.34000000000003,3.501554601825774e-11,0.0,181.5,1.1596057447604835e-11,9.208633855450898e-12,6.821210263296962e-13,8.071765478234738e-12,2.5579538487363607e-13,0.0,0.0,0.9999999999999574,4.774847184307873e-12
593,5,4,-0.012459695992630103,0.0,2.205524651799351e-11,30.80000000000001,158.60000000000002,445.34000000000003,3.501554601825774e-11,0.0,181.5,1.1596057447604835e-11,9.208633855450898e-12,6.821210263296962e-13,8.128608897095546e-12,2.5579538487363607e-13,0.0,0.0,0.9999999999999574,4.774847184307873e-12
594,6,4,-0.012459695992630103,0.0,2.205524651799351e-11,30.80000000000001,158.60000000000002,445.34000000000003,3.501554601825774e-11,0.0,181.5,1.1596057447604835e-11,9.237055564881302e-12,6.821210263296962e-13,8.128608897095546e-12,2.5579538487363607e-13,0.0,0.0,0.9999999999999503,4.774847184307873e-12
595,7,3,-0.019652550317704676,0.0,2.205524651799351e-11,0.0,158.60000000000002,445.34000000000003,3.490185918053612e-11,0.0,181.5,1.1596057447604835e-11,9.237055564881302e-12,6.821210263296962e-13,8.071765478234738e-12,2.5579538487363607e-13,0.0,0.0,0.9999999999999432,4.831690603168681e-12
596,8,4,-0.013608338568204504,0.0,2.2168933355715126e-11,26.409999999999997,158.60000000000002,445.34000000000003,3.495870259939693e-11,0.0,181.5,1.1596057447604835e-11,9.208633855450898e-12,6.821210263296962e-13,8.071765478234738e-12,2.5579538487363607e-13,0.0,0.0,0.999999999999936,4.860112312599085e-12
597,9,3,-0.02070046526506707,0.0,2.2168933355715126e-11,0.0,158.60000000000002,445.34000000000003,3.501554601825774e-11,0.0,178.3360806693517,1.1624479157035239e-11,9.208633855450898e-12,6.252776074688882e-13,8.071765478234738e-12,2.5579538487363607e-13,0.0,0.0,0.9999999999999432,4.831690603168681e-12
598,10,4,-0.014780687320765387,0.0,2.2168933355715126e-11,22.02000000000001,158.60000000000002,445.34000000000003,3.501554601825774e-11,0.0,181.5,1.1652900866465643e-11,9.208633855450898e-12,6.252776074688882e-13,8.071765478234738e-12,2.5579538487363607e-13,0.0,0.0,0.9999999999999432,4.831690603168681e-12
599,11,1,0.021679870114283583,0.0,2.2168933355715126e-11,0.0,178.8182080716822,445.34,3.501554601825774e-11,0.0,188.4299766524079,1.1652900866465643e-11,9.208633855450898e-12,6.252776074688882e-13,8.128608897095546e-12,2.5579538487363607e-13,0.0,0.0,0.9999999999999432,4.888534022029489e-12
600,12,1,0.13651604705252976,0.0,2.2282620193436742e-11,0.0,269.7665463132603,445.34,3.501554601825774e-11,0.0,335.47299999999996,1.1596057447604835e-11,9.237055564881302e-12,6.252776074688882e-13,7.958078640513122e-12,2.5579538487363607e-13,0.0,0.0,0.999999999999929,4.888534022029489e-12
601,1,1,0.24663950931086887,229.65681099638186,2.2509993868879974e-11,0.02951346105245989,387.53603127312556,445.34,3.54702933691442e-11,0.0,375.4040000000001,1.1539214028744027e-11,9.208633855450898e-12,6.252776074688882e-13,7.958078640513122e-12,2.7000623958883807e-13,0.0,0.0,0.9999999999999432,4.888534022029489e-12
602,2,1,0.15167797486831178,131.80000000000018,2.2509993868879974e-11,0.0,363.429565773783,445.34000000000003,3.5925040720030665e-11,0.0,124.59989999999999,1.1596057447604835e-11,9.237055564881302e-12,6.252776074688882e-13,7.958078640513122e-12,2.7000623958883807e-13,0.0,0.0,0.9999999999999574,5.002220859751105e-12
603,3,3,-0.02106519939737154,0.0,2.2737367544323206e-11,26.409999999999997,158.60000000000002,445.34000000000003,3.637978807091713e-11,0.0,151.5525,1.1596057447604835e-11,9.265477274311706e-12,5.684341886080801e-13,7.958078640513122e-12,2.7000623958883807e-13,0.0,0.0,0.9999999999999858,4.888534022029489e-12
604,4,4,-0.012459695992630103,0.0,2.2737367544323206e-11,30.80000000000001,158.60000000000002,445.34000000000003,3.637978807091713e-11,0.0,181.5,1.1596057447604835e-11,9.265477274311706e-12,5.115907697472721e-13,8.071765478234738e-12,2.7000623958883807e-13,0.0,0.0,0.9999999999999858,4.888534022029489e-12
605,5,4,-0.012459695992630103,0.0,2.2737367544323206e-11,30.80000000000001,158.60000000000002,445.34000000000003,3.637978807091713e-11,0.0,181.5,1.1596057447604835e-11,9.265477274311706e-12,5.115907697472721e-13,8.071765478234738e-12,2.7000623958883807e-13,0.0,0.0,0.9999999999999787,4.945377440890297e-12
606,6,4,-0.012459695992630103,0.0,2.2737367544323206e-11,30.80000000000001,158.60000000000002,445.34,3.637978807091713e-11,0.0,181.5,1.1596057447604835e-11,9.29389898374211e-12,5.115907697472721e-13,8.071765478234738e-12,2.7000623958883807e-13,0.0,0.0,0.9999999999999716,4.888534022029489e-12
607,7,3,-0.019652550317704676,0.0,2.2680524125462398e-11,0.0,158.60000000000002,445.34000000000003,3.6493474908638746e-11,0.0,181.5,1.1596057447604835e-11,9.29389898374211e-12,5.115907697472721e-13,8.128608897095546e-12,2.7000623958883807e-13,0.0,0.0,0.9999999999999645,4.831690603168681e-12
608,8,4,-0.013608338568204504,0.0,2.2680524125462398e-11,26.409999999999968,158.60000000000002,445.34000000000003,3.6550318327499554e-11,0.0,181.5,1.1596057447604835e-11,9.279688129026908e-12,5.115907697472721e-13,8.128608897095546e-12,2.7000623958883807e-13,0.0,0.0,0.9999999999999574,4.831690603168681e-12
609,9,3,-0.03410463056053976,0.0,2.2680524125462398e-11,0.0,158.60000000000002,445.3400000000001,3.6493474908638746e-11,0.0,121.3120806693517,1.1624479157035239e-11,9.29389898374211e-12,5.115907697472721e-13,8.128608897095546e-12,2.7000623958883807e-13,0.0,0.0,0.9999999999999574,4.774847184307873e-12
610,10,4,-0.014780687320765387,0.0,2.262368070660159e-11,22.019999999999982,158.60000000000002,445.34000000000003,3.6493474908638746e-11,0.0,181.5,1.1596057447604835e-11,9.29389898374211e-12,5.115907697472721e-13,8.128608897095546e-12,2.7000623958883807e-13,0.0,0.0,0.9999999999999645,4.774847184307873e-12
611,11,1,0.07898914933856441,0.0,2.262368070660159e-11,0.0,225.47420807168226,445.34000000000003,3.6493474908638746e-11,0.0,356.90997665240775,1.1596057447604835e-11,9.350742402602918e-12,5.115907697472721e-13,8.128608897095546e-12,2.7000623958883807e-13,0.0,0.0,0.9999999999999716,4.774847184307873e-12
612,12,1,0.15162221840134266,0.0,2.2737367544323206e-11,0.0,281.66093568402755,445.34,3.7061909097246826e-11,0.0,335.47300000000007,1.1596057447604835e-11,9.43600753089413e-12,5.115907697472721e-13,8.071765478234738e-12,2.7000623958883807e-13,0.0,0.0,0.9999999999999716,4.888534022029489e-12
613,1,1,0.24613500424481988,231.81842249840201,2.319211489520967e-11,0.0,383.37350012531726,445.34,3.728928277269006e-11,0.0,375.404,1.1709744285326451e-11,9.492850949754938e-12,5.115907697472721e-13,8.185452315956354e-12,2.7000623958883807e-13,0.0,0.0,0.9999999999999716,4.774847184307873e-12
614,2,1,0.17754597486419058,204.43870800094192,2.319211489520967e-11,0.0,396.5,445.34000000000003,3.751665644813329e-11,0.0,124.59989999999999,1.1709744285326451e-11,9.492850949754938e-12,4.547473508864641e-13,8.185452315956354e-12,2.7000623958883807e-13,0.0,0.0,0.9999999999999858,4.888534022029489e-12
615,3,3,0.11841093229250532,131.80000000000018,2.3646862246096134e-11,26.409999999999997,187.35915677031733,445.34,3.728928277269006e-11,0.0,151.5525,1.1823431123048067e-11,9.549694368615746e-12,3.979039320256561e-13,8.412825991399586e-12,2.7000623958883807e-13,0.0,0.0,0.9999999999999432,4.774847184307873e-12
616,4,3,-0.012459695992630103,0.0,2.4101609596982598e-11,30.80000000000001,158.60000000000002,445.34000000000003,3.774403012357652e-11,0.0,181.5,1.1823431123048067e-11,9.549694368615746e-12,4.547473508864641e-13,7.958078640513122e-12,2.7000623958883807e-13,0.0,0.0,0.9999999999999432,4.661160346586257e-12
617,5,4,-0.012459695992630103,0.0,2.3874235921539366e-11,30.80000000000001,158.60000000000002,445.34000000000003,3.7971403799019754e-11,0.0,181.5,1.1766587704187259e-11,9.57811607804615e-12,4.547473508864641e-13,7.958078640513122e-12,2.7000623958883807e-13,0.0,0.0,0.9999999999999432,4.604316927725449e-12
618,6,4,-0.012459695992630103,0.0,2.3874235921539366e-11,30.799999999999955,158.60000000000002,445.34000000000003,3.808509063674137e-11,0.0,181.5,1.1823431123048067e-11,9.57811607804615e-12,4.547473508864641e-13,7.844391802791506e-12,2.7000623958883807e-13,0.0,0.0,0.999999999999929,4.547473508864641e-12
619,7,3,-0.019652550317704676,0.0,2.3874235921539366e-11,0.0,158.60000000000002,445.34000000000003,3.7971403799019754e-11,0.0,181.5,1.1823431123048067e-11,9.57811607804615e-12,4.547473508864641e-13,7.844391802791506e-12,2.7000623958883807e-13,0.0,0.0,0.9999999999999432,4.604316927725449e-12
620,8,4,-0.013608338568204504,0.0,2.3874235921539366e-11,26.409999999999997,158.60000000000002,445.34000000000003,3.7971403799019754e-11,0.0,181.5,1.1766587704187259e-11,9.57811607804615e-12,4.547473508864641e-13,7.787548383930698e-12,2.7000623958883807e-13,0.0,0.0,0.9999999999999432,4.661160346586257e-12
621,9,3,-0.02191902574647373,0.0,2.376054908381775e-11,0.0,158.60000000000002,445.34000000000003,3.785771696129814e-11,0.0,173.15208066935162,1.1766587704187259e-11,9.592326932761353e-12,4.547473508864641e-13,7.73070496506989e-12,2.7000623958883807e-13,0.0,0.0,0.9999999999999503,4.661160346586257e-12
622,10,4,0.011868323052148189,0.0,2.376054908381775e-11,22.02000000000001,207.84078396415885,445.34000000000003,3.774403012357652e-11,0.0,181.5,1.1766587704187259e-11,9.549694368615746e-12,4.547473508864641e-13,7.673861546209082e-12,2.7000623958883807e-13,0.0,0.0,0.9999999999999432,4.661160346586257e-12
623,11,1,0.07311524471133506,0.0,2.376054908381775e-11,0.0,264.3877791705545,445.34000000000003,3.774403012357652e-11,0.0,216.94197665240773,1.1766587704187259e-11,9.606537787476555e-12,4.547473508864641e-13,7.673861546209082e-12,2.7000623958883807e-13,0.0,0.0,0.9999999999999432,4.718003765447065e-12
624,12,1,0.21509925875793304,113.88887250250491,2.3874235921539366e-11,0.0,398.29547873077104,445.34,3.774403012357652e-11,0.0,335.47300000000007,1.1766587704187259e-11,9.663381206337363e-12,3.410605131648481e-13,7.73070496506989e-12,2.7000623958883807e-13,0.0,0.0,0.9999999999999147,4.774847184307873e-12
625,1,1,0.3329862741879935,419.0629159228324,2.4556356947869062e-11,0.0,545.6709751192626,445.34,3.774403012357652e-11,0.0,375.4040000000002,1.1937117960769683e-11,9.777068044058979e-12,3.979039320256561e-13,7.958078640513122e-12,2.7000623958883807e-13,0.0,0.0,0.9999999999998863,4.661160346586257e-12
626,2,1,0.4041518567825752,702.9967423984654,2.4556356947869062e-11,0.0,698.1116970429543,445.34000000000003,3.774403012357652e-11,0.0,250.45125271900827,1.1937117960769683e-11,9.777068044058979e-12,3.979039320256561e-13,7.958078640513122e-12,2.7000623958883807e-13,0.0,0.0,0.9999999999999147,4.774847184307873e-12
627,3,1,0.24520421514993498,481.38222635859347,2.5011104298755527e-11,0.0,396.5,445.34,3.8198777474462986e-11,0.0,151.5525,1.2050804798491299e-11,9.833911462919787e-12,3.410605131648481e-13,8.185452315956354e-12,2.7000623958883807e-13,0.0,0.0,0.9999999999998863,4.661160346586257e-12
628,4,3,0.13780075446535942,131.80000000000018,2.546585164964199e-11,30.80000000000001,254.23087588859016,445.34000000000003,3.865352482534945e-11,0.0,181.5,1.2050804798491299e-11,9.890754881780595e-12,2.8421709430404007e-13,8.185452315956354e-12,2.7000623958883807e-13,0.0,0.0,0.9999999999998863,4.661160346586257e-12
629,5,3,0.049268292045103364,0.0,2.546585164964199e-11,30.80000000000001,158.60000000000002,445.34000000000003,3.9108272176235914e-11,0.0,181.5,1.2050804798491299e-11,9.947598300641403e-12,2.8421709430404007e-13,8.185452315956354e-12,2.7000623958883807e-13,0.0,0.0,0.9999999999998863,4.774847184307873e-12
630,6,4,0.2674317980694414,203.09910558741376,2.5693225325085223e-11,89.20117331751493,328.6969423238912,445.34000000000003,3.9335645851679146e-11,0.0,540.1916459886949,1.2050804798491299e-11,9.947598300641403e-12,2.8421709430404007e-13,8.185452315956354e-12,2.7000623958883807e-13,0.0,0.0,0.9999999999998295,4.774847184307873e-12
631,7,1,0.3354271308259195,395.2526866402877,2.580691216280684e-11,85.1071867047223,418.2703447933128,445.34000000000003,3.956301952712238e-11,0.0,550.4317583861904,1.2107648217352107e-11,9.947598300641403e-12,2.8421709430404007e-13,8.185452315956354e-12,2.7000623958883807e-13,0.0,0.0,0.9999999999998437,4.718003765447065e-12
632,8,1,0.37590363367745677,549.9453426330542,2.5693225325085223e-11,49.030606656792685,475.39854020012774,445.34000000000003,3.9676706364843994e-11,0.0,541.2969184191024,1.2107648217352107e-11,1.000444171950221e-11,2.8421709430404007e-13,8.29913915367797e-12,2.7000623958883807e-13,0.0,0.0,0.9999999999998437,4.718003765447065e-12
633,9,1,0.491069541338525,860.1694686228211,2.5693225325085223e-11,37.93223142873171,586.0063427108,445.34000000000003,3.956301952712238e-11,0.0,605.0000000000001,1.2164491636212915e-11,1.0061285138363019e-11,2.8421709430404007e-13,8.185452315956354e-12,2.7000623958883807e-13,0.0,0.0,0.9999999999998295,4.831690603168681e-12
634,10,1,0.5549679433354104,1077.8328481865274,2.5693225325085223e-11,13.571332844848257,664.5404435061273,445.34000000000003,3.9335645851679146e-11,0.0,605.0000000000001,1.2164491636212915e-11,1.0118128557223827e-11,2.8421709430404007e-13,8.185452315956354e-12,2.7000623958883807e-13,0.0,0.0,0.9999999999998295,4.774847184307873e-12
635,11,1,0.6096631958027312,1274.2356761728265,2.5920599000528455e-11,0.0,742.1807971860019,445.34,3.956301952712238e-11,0.0,465.2450000000001,1.2164491636212915e-11,1.0118128557223827e-11,2.8421709430404007e-13,8.185452315956354e-12,2.7000623958883807e-13,0.0,0.0,0.9999999999998579,4.774847184307873e-12
636,12,1,0.6837100207566322,1565.8729896271766,2.637534635141492e-11,0.0,793.0,445.34000000000003,4.001776687800884e-11,0.0,335.47299999999996,1.2164491636212915e-11,1.0174971976084635e-11,2.2737367544323206e-13,8.185452315956354e-12,2.7000623958883807e-13,0.0,0.0,0.9999999999998579,4.888534022029489e-12
637,1,1,0.7422988273308481,1819.0548296710404,2.660272002685815e-11,0.0,793.0,445.34000000000003,4.0472514228895307e-11,0.0,375.404,1.2164491636212915e-11,1.0231815394945443e-11,1.7053025658242404e-13,8.412825991399586e-12,2.7000623958883807e-13,0.0,0.0,0.9999999999998579,4.831690603168681e-12
638,2,1,0.6069660369914218,1721.3564917428166,2.6830093702301383e-11,0.0,634.4000000000001,445.34000000000003,4.0472514228895307e-11,0.0,124.59989999999999,1.2164491636212915e-11,1.0260237104375847e-11,1.7053025658242404e-13,8.412825991399586e-12,2.7000623958883807e-13,0.0,0.0,0.9999999999998721,4.945377440890297e-12
639,3,2,0.2633184496659508,531.0207642713194,2.7284841053187847e-11,26.409999999999997,396.5,445.34000000000003,4.092726157978177e-11,0.0,151.5525,1.2278178473934531e-11,1.0317080523236655e-11,1.7053025658242404e-13,8.412825991399586e-12,2.7000623958883807e-13,0.0,0.0,0.9999999999998863,4.774847184307873e-12
640,4,3,0.05142083826632963,0.0,2.751221472863108e-11,30.80000000000001,158.60000000000002,445.3400000000001,4.1382008930668235e-11,0.0,181.5,1.2278178473934531e-11,1.0373923942097463e-11,1.7053025658242404e-13,8.412825991399586e-12,2.7000623958883807e-13,0.0,0.0,0.9999999999998863,4.774847184307873e-12
641,5,4,-0.012459695992630103,0.0,2.773958840407431e-11,30.80000000000001,158.60000000000002,445.34000000000003,4.1382008930668235e-11,0.0,181.5,1.2278178473934531e-11,1.0402345651527867e-11,1.7053025658242404e-13,8.412825991399586e-12,2.7000623958883807e-13,0.0,0.0,0.9999999999998721,4.888534022029489e-12
642,6,4,-0.012459695992630103,0.0,2.773958840407431e-11,30.80000000000001,158.60000000000002,445.34000000000003,4.1382008930668235e-11,0.0,181.5,1.233502189279534e-11,1.0402345651527867e-11,2.2737367544323206e-13,8.526512829121202e-12,2.7000623958883807e-13,0.0,0.0,0.9999999999998863,4.888534022029489e-12
643,7,3,-0.019652550317704676,0.0,2.773958840407431e-11,0.0,158.60000000000002,444.978848,4.126832209294662e-11,0.0,181.5,1.233502189279534e-11,1.0402345651527867e-11,2.2737367544323206e-13,8.469669410260394e-12,2.7000623958883807e-13,0.0,0.0,0.9999999999999005,4.831690603168681e-12
644,8,4,-0.013608338568204504,0.0,2.773958840407431e-11,26.409999999999997,158.60000000000002,445.34000000000003,4.126832209294662e-11,0.0,181.5,1.233502189279534e-11,1.0388134796812665e-11,2.2737367544323206e-13,8.469669410260394e-12,2.7000623958883807e-13,0.0,0.0,0.9999999999998863,4.831690603168681e-12
645,9,3,-0.019956748624888367,0.0,2.773958840407431e-11,0.0,158.60000000000002,445.3400000000001,4.126832209294662e-11,0.0,181.5,1.233502189279534e-11,1.0388134796812665e-11,2.2737367544323206e-13,8.469669410260394e-12,2.7000623958883807e-13,0.0,0.0,0.9999999999998934,4.831690603168681e-12
646,10,4,-0.014780687320765387,0.0,2.779643182293512e-11,22.02000000000001,158.60000000000002,445.34000000000003,4.126832209294662e-11,0.0,181.5,1.233502189279534e-11,1.0402345651527867e-11,2.2737367544323206e-13,8.526512829121202e-12,2.7000623958883807e-13,0.0,0.0,0.9999999999999076,4.831690603168681e-12
647,11,1,-0.03115713006489306,0.0,2.773958840407431e-11,0.0,158.60000000000002,445.34,4.1154635255225e-11,0.0,139.57349999999997,1.233502189279534e-11,1.0402345651527867e-11,2.2737367544323206e-13,8.526512829121202e-12,2.7000623958883807e-13,0.0,0.0,0.9999999999999076,4.888534022029489e-12
648,12,1,-0.02634381607959806,0.0,2.7625901566352695e-11,0.0,158.60000000000002,445.34000000000003,4.126832209294662e-11,0.0,100.64189999999996,1.233502189279534e-11,1.0459189070388675e-11,2.2737367544323206e-13,8.526512829121202e-12,2.7000623958883807e-13,0.0,0.0,0.9999999999999147,4.888534022029489e-12
649,1,4,0.15556793470103097,2.560395845083349,2.751221472863108e-11,22.02000000000001,252.1354546464613,445.34,4.1382008930668235e-11,0.0,349.3834817779633,1.2391865311656147e-11,1.057287590811029e-11,1.7053025658242404e-13,8.412825991399586e-12,2.8421709430404007e-13,0.0,0.0,0.9999999999998863,4.888534022029489e-12
650,2,1,0.26794776426433586,383.98695965421166,2.773958840407431e-11,6.937571465013434,351.79107665533786,445.34000000000003,4.1382008930668235e-11,0.0,352.2483757796533,1.2391865311656147e-11,1.057287590811029e-11,1.1368683772161603e-13,8.412825991399586e-12,2.8421709430404007e-13,0.0,0.0,0.9999999999998863,5.002220859751105e-12
651,3,1,0.21982392909020168,374.8288059011661,2.7284841053187847e-11,0.0,396.5,445.34,4.1382008930668235e-11,0.0,151.5525,1.2505552149377763e-11,1.057287590811029e-11,1.1368683772161603e-13,8.412825991399586e-12,2.984279490192421e-13,0.0,0.0,0.9999999999998295,4.888534022029489e-12
652,4,3,0.08164900214704716,0.0,2.773958840407431e-11,30.80000000000001,158.60000000000002,445.34000000000003,4.1382008930668235e-11,0.0,181.5,1.2505552149377763e-11,1.0629719326971099e-11,1.1368683772161603e-13,8.412825991399586e-12,2.984279490192421e-13,0.0,0.0,0.999999999999801,4.888534022029489e-12
653,5,4,-0.012459695992630103,0.0,2.7966962079517543e-11,30.80000000000001,158.60000000000002,445.34000000000003,4.1382008930668235e-11,0.0,181.5,1.2505552149377763e-11,1.0658141036401503e-11,1.1368683772161603e-13,8.640199666842818e-12,2.984279490192421e-13,0.0,0.0,0.9999999999998153,5.002220859751105e-12
654,6,4,-0.012459695992630103,0.0,2.808064891723916e-11,30.80000000000001,158.60000000000002,445.34,4.1382008930668235e-11,0.0,181.5,1.2505552149377763e-11,1.0658141036401503e-11,1.1368683772161603e-13,8.753886504564434e-12,2.984279490192421e-13,0.0,0.0,0.999999999999801,5.002220859751105e-12
655,7,3,-0.019652550317704676,0.0,2.8194335754960775e-11,0.0,158.60000000000002,445.34000000000003,4.1382008930668235e-11,0.0,181.5,1.2505552149377763e-11,1.071498445526231e-11,1.1368683772161603e-13,8.810729923425242e-12,2.984279490192421e-13,0.0,0.0,0.999999999999801,4.945377440890297e-12
656,8,4,-0.013608338568204504,0.0,2.8251179173821583e-11,26.409999999999997,158.60000000000002,445.34000000000003,4.1382008930668235e-11,0.0,181.5,1.2533973858808167e-11,1.0743406164692715e-11,1.1368683772161603e-13,8.810729923425242e-12,2.984279490192421e-13,0.0,0.0,0.9999999999997868,4.916955731459893e-12
657,9,3,-0.014920422356486683,0.0,2.8194335754960775e-11,0.0,158.60000000000002,445.34000000000003,4.126832209294662e-11,0.0,181.5,1.2562395568238571e-11,1.0743406164692715e-11,5.684341886080802e-14,8.810729923425242e-12,2.984279490192421e-13,0.0,0.0,0.9999999999997726,4.945377440890297e-12
658,10,4,-0.014780687320765387,0.0,2.8194335754960775e-11,22.02000000000001,158.60000000000002,445.34000000000003,4.126832209294662e-11,0.0,181.5,1.2505552149377763e-11,1.071498445526231e-11,5.684341886080802e-14,8.753886504564434e-12,2.984279490192421e-13,0.0,0.0,0.9999999999997726,4.945377440890297e-12
659,11,1,-0.0025173811137461015,0.0,2.8194335754960775e-11,0.0,160.28268472409002,445.3400000000001,4.126832209294662e-11,0.0,139.57349999999997,1.2505552149377763e-11,1.0771827874123119e-11,5.684341886080802e-14,8.810729923425242e-12,2.984279490192421e-13,0.0,0.0,0.9999999999997868,4.888534022029489e-12
660,12,1,0.032512775937647724,0.0,2.808064891723916e-11,0.0,179.46662048807423,445.34000000000003,4.1382008930668235e-11,0.0,100.64189999999996,1.2448708730516955e-11,1.0800249583553523e-11,5.684341886080802e-14,8.753886504564434e-12,2.984279490192421e-13,0.0,0.0,0.9999999999997868,5.002220859751105e-12
661,1,3,0.038243459838626356,0.0,2.773958840407431e-11,0.0,158.60000000000002,445.34000000000003,4.1154635255225e-11,0.0,112.62119999999999,1.2505552149377763e-11,1.0800249583553523e-11,0.0,8.753886504564434e-12,2.984279490192421e-13,0.0,0.0,0.9999999999997726,5.002220859751105e-12
662,2,4,0.019233016062423895,0.0,2.751221472863108e-11,24.215000000000032,205.58209168849612,445.34000000000003,4.1382008930668235e-11,0.0,124.59989999999999,1.261923898709938e-11,1.0857093002414331e-11,0.0,8.640199666842818e-12,2.984279490192421e-13,0.0,0.0,0.999999999999801,5.115907697472721e-12
663,3,3,-0.02106519939737154,0.0,2.773958840407431e-11,26.409999999999997,158.60000000000002,445.34,4.18367562815547e-11,0.0,151.5525,1.2732925824820995e-11,1.0970779840135947e-11,0.0,8.185452315956354e-12,3.126388037344441e-13,0.0,0.0,0.999999999999801,5.002220859751105e-12
664,4,4,-0.012459695992630103,0.0,2.7853275241795927e-11,30.80000000000001,158.60000000000002,445.34000000000003,4.18367562815547e-11,0.0,181.5,1.2789769243681803e-11,1.0942358130705543e-11,0.0,8.185452315956354e-12,3.126388037344441e-13,0.0,0.0,0.999999999999801,5.002220859751105e-12
665,5,4,-0.012459695992630103,0.0,2.7853275241795927e-11,30.80000000000001,158.60000000000002,445.34000000000003,4.18367562815547e-11,0.0,181.5,1.2789769243681803e-11,1.0942358130705543e-11,0.0,8.185452315956354e-12,3.126388037344441e-13,0.0,0.0,0.999999999999801,4.945377440890297e-12
666,6,4,-0.012459695992630103,0.0,2.7853275241795927e-11,30.80000000000001,158.60000000000002,445.34000000000003,4.18367562815547e-11,0.0,181.5,1.2789769243681803e-11,1.0942358130705543e-11,0.0,8.071765478234738e-12,3.126388037344441e-13,0.0,0.0,0.9999999999998153,4.888534022029489e-12
667,7,3,-0.019652550317704676,0.0,2.7853275241795927e-11,0.0,158.60000000000002,445.34000000000003,4.1950443119276315e-11,0.0,181.5,1.2789769243681803e-11,1.0970779840135947e-11,0.0,8.071765478234738e-12,3.126388037344441e-13,0.0,0.0,0.9999999999998153,4.888534022029489e-12
668,8,4,-0.013608338568204504,0.0,2.7966962079517543e-11,26.409999999999997,158.60000000000002,445.34000000000003,4.1950443119276315e-11,0.0,181.5,1.2789769243681803e-11,1.0970779840135947e-11,0.0,8.071765478234738e-12,3.126388037344441e-13,0.0,0.0,0.999999999999801,4.945377440890297e-12
669,9,3,-0.02801182815350669,0.0,2.7966962079517543e-11,0.0,158.60000000000002,445.34000000000003,4.1950443119276315e-11,0.0,147.23208066935166,1.2789769243681803e-11,1.0970779840135947e-11,0.0,8.071765478234738e-12,3.126388037344441e-13,0.0,0.0,0.999999999999801,5.002220859751105e-12
670,10,4,-0.014780687320765387,0.0,2.7966962079517543e-11,22.02000000000001,158.60000000000002,445.34000000000003,4.1950443119276315e-11,0.0,181.49999999999994,1.2789769243681803e-11,1.0942358130705543e-11,0.0,8.071765478234738e-12,3.126388037344441e-13,0.0,0.0,0.9999999999998082,5.002220859751105e-12
671,11,1,-0.019073395111871616,0.0,2.7910118660656735e-11,0.0,158.60000000000002,445.34000000000003,4.1950443119276315e-11,0.0,139.57349999999997,1.2789769243681803e-11,1.0928147275990341e-11,0.0,8.128608897095546e-12,3.126388037344441e-13,0.0,0.0,0.9999999999998153,5.002220859751105e-12
672,12,1,0.15503848593572794,0.0,2.8194335754960775e-11,7.2265912288731045,268.2718881075234,445.34,4.206412995699793e-11,0.0,335.47300000000007,1.2789769243681803e-11,1.0970779840135947e-11,0.0,8.185452315956354e-12,3.268496584496461e-13,0.0,0.0,0.999999999999801,5.115907697472721e-12
673,1,1,0.2834323523675945,334.4981102376223,2.8194335754960775e-11,52.796392800881534,378.00447602952636,445.34,4.18367562815547e-11,0.0,375.4040000000001,1.2732925824820995e-11,1.0970779840135947e-11,0.0,8.185452315956354e-12,3.410605131648481e-13,0.0,0.0,0.999999999999801,5.002220859751105e-12
674,2,1,0.3491918943370031,640.937721570238,2.8421709430404007e-11,57.78159315697991,460.19381017636533,445.34000000000003,4.206412995699793e-11,0.0,268.0536150423768,1.2846612662542611e-11,1.1027623258996755e-11,0.0,8.185452315956354e-12,3.410605131648481e-13,0.0,0.0,0.9999999999998153,5.002220859751105e-12
675,3,1,0.09281764905976074,53.11151560636699,2.9103830456733704e-11,26.409999999999997,158.60000000000002,445.34000000000003,4.274625098332763e-11,0.0,151.5525,1.2960299500264227e-11,1.1084466677857563e-11,0.0,8.412825991399586e-12,3.410605131648481e-13,0.0,0.0,0.9999999999998295,4.888534022029489e-12
676,4,4,-0.007574943070289489,0.0,2.9103830456733704e-11,30.80000000000001,179.8095971888032,445.34000000000003,4.274625098332763e-11,0.0,181.5,1.2960299500264227e-11,1.1084466677857563e-11,0.0,8.412825991399586e-12,3.552713678800501e-13,0.0,0.0,0.9999999999998295,4.888534022029489e-12
677,5,3,-0.019553201289728258,0.0,2.9331204132176936e-11,0.0,158.60000000000002,445.34000000000003,4.274625098332763e-11,0.0,181.5,1.2960299500264227e-11,1.1084466677857563e-11,0.0,8.412825991399586e-12,3.552713678800501e-13,0.0,0.0,0.9999999999998295,5.002220859751105e-12
678,6,4,-0.011930721828941964,0.0,2.944489096989855e-11,30.80000000000001,160.89680581873392,445.34,4.274625098332763e-11,0.0,181.5,1.2960299500264227e-11,1.1084466677857563e-11,0.0,8.412825991399586e-12,3.552713678800501e-13,0.0,0.0,0.9999999999998224,5.115907697472721e-12
679,7,3,-0.019048367439106078,0.0,2.944489096989855e-11,0.0,158.60000000000002,445.34000000000003,4.274625098332763e-11,0.0,181.5,1.3017142919125035e-11,1.1070255823142361e-11,0.0,8.412825991399586e-12,3.552713678800501e-13,0.0,0.0,0.9999999999998224,5.115907697472721e-12
680,8,4,-0.013608338568204504,0.0,2.944489096989855e-11,26.409999999999997,158.60000000000002,445.34000000000003,4.2803094402188435e-11,0.0,181.5,1.3017142919125035e-11,1.1070255823142361e-11,0.0,8.469669410260394e-12,3.552713678800501e-13,0.0,0.0,0.9999999999998224,5.115907697472721e-12
681,9,3,0.010669347753052135,0.0,2.9331204132176936e-11,0.0,158.60000000000002,445.34000000000003,4.263256414560601e-11,0.0,181.5,1.3017142919125035e-11,1.1070255823142361e-11,0.0,8.526512829121202e-12,3.552713678800501e-13,0.0,0.0,0.9999999999998224,5.059064278611913e-12
682,10,4,0.0375237067768977,0.0,2.9331204132176936e-11,22.02000000000001,189.09198396415889,445.34000000000003,4.263256414560601e-11,0.0,181.5,1.3017142919125035e-11,1.1041834113711957e-11,0.0,8.469669410260394e-12,3.552713678800501e-13,0.0,0.0,0.9999999999998366,5.059064278611913e-12
683,11,1,0.043915160940456326,0.0,2.9331204132176936e-11,0.0,158.60000000000002,445.3400000000001,4.263256414560601e-11,0.0,139.57349999999997,1.3017142919125035e-11,1.1084466677857563e-11,0.0,8.469669410260394e-12,3.552713678800501e-13,0.0,0.0,0.9999999999998437,5.115907697472721e-12
684,12,1,0.09142565366582951,0.0,2.955857780762017e-11,0.0,187.91988810752332,445.34000000000003,4.2518877307884395e-11,0.0,172.36785936612858,1.3017142919125035e-11,1.1141310096718371e-11,0.0,8.29913915367797e-12,3.552713678800501e-13,0.0,0.0,0.9999999999998295,5.229594535194337e-12
685,1,1,0.15524117992902137,216.6485102376223,2.955857780762017e-11,0.0,281.4896844365262,445.34000000000003,4.229150363244116e-11,0.0,126.64607903291062,1.3073986337985843e-11,1.1198153515579179e-11,0.0,8.29913915367797e-12,3.552713678800501e-13,0.0,0.0,0.999999999999801,5.229594535194337e-12
686,2,3,0.2865874303014106,556.3755829882571,3.001332515850663e-11,24.215000000000032,406.21851988646824,445.34000000000003,4.229150363244116e-11,0.0,184.32555906567427,1.3073986337985843e-11,1.1254996934439987e-11,0.0,8.185452315956354e-12,3.410605131648481e-13,0.0,0.0,0.999999999999801,5.343281372915953e-12
687,3,1,0.14416194922194464,131.80000000000018,2.955857780762017e-11,0.0,321.8790073697594,445.34,4.229150363244116e-11,0.0,151.5525,1.318767317570746e-11,1.1311840353300795e-11,0.0,8.412825991399586e-12,3.552713678800501e-13,0.0,0.0,0.999999999999801,5.229594535194337e-12
688,4,3,-0.012459695992630103,0.0,3.001332515850663e-11,30.80000000000001,158.60000000000002,445.34000000000003,4.229150363244116e-11,0.0,181.5,1.318767317570746e-11,1.1368683772161603e-11,0.0,8.412825991399586e-12,3.552713678800501e-13,0.0,0.0,0.999999999999801,5.343281372915953e-12
689,5,4,-0.012459695992630103,0.0,3.001332515850663e-11,30.80000000000001,158.60000000000002,445.34000000000003,4.229150363244116e-11,0.0,181.5,1.318767317570746e-11,1.1368683772161603e-11,0.0,8.526512829121202e-12,3.552713678800501e-13,0.0,0.0,0.999999999999801,5.4569682106375694e-12
690,6,4,-0.012459695992630103,0.0,3.001332515850663e-11,30.80000000000001,158.60000000000002,445.34000000000003,4.240519047016278e-11,0.0,181.5,1.318767317570746e-11,1.1368683772161603e-11,0.0,8.753886504564434e-12,3.552713678800501e-13,0.0,0.0,0.9999999999998153,5.4569682106375694e-12
691,7,3,-0.019652550317704676,0.0,2.9899638320785016e-11,0.0,158.60000000000002,445.34000000000003,4.2518877307884395e-11,0.0,181.5,1.318767317570746e-11,1.1340262062731199e-11,0.0,8.86757334228605e-12,3.552713678800501e-13,0.0,0.0,0.9999999999998153,5.4001247917767614e-12
692,8,4,-0.013608338568204504,0.0,2.9899638320785016e-11,26.409999999999997,158.60000000000002,445.34000000000003,4.2518877307884395e-11,0.0,181.5,1.318767317570746e-11,1.1354472917446401e-11,0.0,8.810729923425242e-12,3.552713678800501e-13,0.0,0.0,0.9999999999998295,5.4001247917767614e-12
693,9,3,-0.019956748624888367,0.0,2.9899638320785016e-11,0.0,158.60000000000002,445.34000000000003,4.240519047016278e-11,0.0,181.5,1.318767317570746e-11,1.1340262062731199e-11,0.0,8.810729923425242e-12,3.552713678800501e-13,0.0,0.0,0.9999999999998366,5.343281372915953e-12
694,10,4,0.003756479556042742,0.0,2.9899638320785016e-11,22.02000000000001,197.1271839641588,445.34000000000003,4.217781679471955e-11,0.0,181.5,1.318767317570746e-11,1.1340262062731199e-11,0.0,8.753886504564434e-12,3.552713678800501e-13,0.0,0.0,0.9999999999998579,5.286437954055145e-12
695,11,1,0.053168391403892054,0.0,2.9899638320785016e-11,0.0,225.15336469119495,445.34,4.217781679471955e-11,0.0,206.5739766524078,1.318767317570746e-11,1.1368683772161603e-11,0.0,8.753886504564434e-12,3.552713678800501e-13,0.0,0.0,0.9999999999998579,5.286437954055145e-12
696,12,1,0.08332165711222378,0.0,2.97859514830634e-11,0.0,241.88579461588415,445.34000000000003,4.206412995699793e-11,0.0,100.64189999999996,1.3130829756846651e-11,1.1368683772161603e-11,0.0,8.753886504564434e-12,3.552713678800501e-13,0.0,0.0,0.9999999999998579,5.4001247917767614e-12
697,1,3,0.23246939337199246,215.28386767803886,3.001332515850663e-11,22.02000000000004,359.6235009864922,445.34000000000003,4.18367562815547e-11,0.0,338.66988177796304,1.318767317570746e-11,1.1425527191022411e-11,0.0,8.753886504564434e-12,3.552713678800501e-13,0.0,0.0,0.9999999999998579,5.4569682106375694e-12
698,2,1,0.31797346961791706,586.805164228294,3.001332515850663e-11,42.01597146501348,476.88071948682307,445.34000000000003,4.18367562815547e-11,0.0,193.69132286450463,1.3301360013429075e-11,1.1482370609883219e-11,0.0,8.640199666842818e-12,3.552713678800501e-13,0.0,0.0,0.9999999999998579,5.5706550483591855e-12
699,3,1,0.18874503851971064,217.94107659133806,3.0468072509393096e-11,26.409999999999997,396.5,445.34,4.229150363244116e-11,0.0,151.5525,1.3415046851150692e-11,1.1539214028744027e-11,0.0,8.86757334228605e-12,3.552713678800501e-13,0.0,0.0,0.9999999999998579,5.4569682106375694e-12
700,4,3,0.025362688068526564,0.0,3.0468072509393096e-11,30.80000000000001,158.60000000000002,445.34000000000003,4.229150363244116e-11,0.0,181.5,1.3415046851150692e-11,1.1539214028744027e-11,0.0,8.86757334228605e-12,3.552713678800501e-13,0.0,0.0,0.9999999999998579,5.4569682106375694e-12
701,5,4,-0.012459695992630103,0.0,3.0468072509393096e-11,30.80000000000004,158.60000000000002,445.34000000000003,4.229150363244116e-11,0.0,181.5,1.3415046851150692e-11,1.1539214028744027e-11,0.0,8.981260180007666e-12,3.552713678800501e-13,0.0,0.0,0.9999999999998579,5.5706550483591855e-12
702,6,4,-0.012459695992630103,0.0,3.035438567167148e-11,30.80000000000001,158.60000000000002,445.34000000000003,4.217781679471955e-11,0.0,181.5,1.3415046851150692e-11,1.1539214028744027e-11,0.0,8.981260180007666e-12,3.552713678800501e-13,0.0,0.0,0.9999999999998579,5.5138116294983774e-12
703,7,3,-0.019652550317704676,0.0,3.035438567167148e-11,0.0,158.60000000000002,445.34000000000003,4.217781679471955e-11,0.0,181.5,1.3415046851150692e-11,1.1525003174028825e-11,0.0,9.094947017729282e-12,3.552713678800501e-13,0.0,0.0,0.9999999999998579,5.5706550483591855e-12
704,8,4,0.006782195164534298,0.0,3.035438567167148e-11,26.409999999999997,194.9649248628292,445.34000000000003,4.229150363244116e-11,0.0,181.5,1.3415046851150692e-11,1.1539214028744027e-11,0.0,8.981260180007666e-12,3.552713678800501e-13,0.0,0.0,0.9999999999998721,5.5706550483591855e-12
705,9,3,0.022097936270467092,0.0,3.035438567167148e-11,0.0,158.60000000000002,445.34000000000003,4.217781679471955e-11,0.0,181.5,1.3415046851150692e-11,1.1553424883459229e-11,0.0,8.981260180007666e-12,3.552713678800501e-13,0.0,0.0,0.9999999999998721,5.5706550483591855e-12
706,10,4,0.021247845177411035,0.0,3.035438567167148e-11,22.019999999999982,175.69998396415883,445.34000000000003,4.206412995699793e-11,0.0,181.5,1.3415046851150692e-11,1.1539214028744027e-11,0.0,8.924416761146858e-12,3.552713678800501e-13,0.0,0.0,0.9999999999998863,5.5138116294983774e-12
707,11,1,0.0300745607663379,0.0,3.035438567167148e-11,0.0,158.60000000000002,445.34,4.206412995699793e-11,0.0,139.57349999999997,1.3415046851150692e-11,1.1539214028744027e-11,0.0,8.981260180007666e-12,3.552713678800501e-13,0.0,0.0,0.9999999999998863,5.5706550483591855e-12
708,12,1,0.06759141899622448,0.0,3.0240698833949864e-11,0.0,165.72053901200832,445.34000000000003,4.229150363244116e-11,0.0,100.64189999999996,1.3415046851150692e-11,1.1596057447604835e-11,0.0,8.981260180007666e-12,3.552713678800501e-13,0.0,0.0,0.9999999999998863,5.5706550483591855e-12
709,1,4,0.074630814073023,0.0,3.0468072509393096e-11,22.02000000000001,251.2291673649072,445.34000000000003,4.206412995699793e-11,0.0,112.62119999999999,1.3415046851150692e-11,1.1624479157035239e-11,0.0,8.86757334228605e-12,3.552713678800501e-13,0.0,0.0,0.9999999999998721,5.5706550483591855e-12
710,2,3,-0.03469978952561406,0.0,3.0468072509393096e-11,0.0,158.60000000000002,445.34000000000003,4.206412995699793e-11,0.0,124.59989999999999,1.3528733688872308e-11,1.1624479157035239e-11,0.0,8.86757334228605e-12,3.552713678800501e-13,0.0,0.0,0.9999999999998721,5.6274984672199935e-12
711,3,4,-0.02106519939737154,0.0,3.0240698833949864e-11,26.409999999999997,158.60000000000002,445.34000000000003,4.206412995699793e-11,0.0,151.5525,1.3642420526593924e-11,1.1652900866465643e-11,0.0,8.86757334228605e-12,3.552713678800501e-13,0.0,0.0,0.9999999999998721,5.4569682106375694e-12
712,4,4,-0.012459695992630103,0.0,3.0240698833949864e-11,30.80000000000001,158.60000000000002,445.34000000000003,4.206412995699793e-11,0.0,181.5,1.3642420526593924e-11,1.1652900866465643e-11,0.0,8.981260180007666e-12,3.552713678800501e-13,0.0,0.0,0.9999999999998721,5.4569682106375694e-12
713,5,4,-0.012459695992630103,0.0,3.0240698833949864e-11,30.80000000000001,158.60000000000002,445.34000000000003,4.206412995699793e-11,0.0,181.5,1.3642420526593924e-11,1.1652900866465643e-11,0.0,8.981260180007666e-12,3.552713678800501e-13,0.0,0.0,0.9999999999998792,5.5138116294983774e-12
714,6,4,-0.012459695992630103,0.0,3.0240698833949864e-11,30.80000000000001,158.60000000000002,445.34000000000003,4.206412995699793e-11,0.0,181.5,1.3642420526593924e-11,1.1667111721180845e-11,0.0,8.924416761146858e-12,3.552713678800501e-13,0.0,0.0,0.9999999999998792,5.5138116294983774e-12
715,7,3,-0.019652550317704676,0.0,3.012701199622825e-11,0.0,158.60000000000002,445.34000000000003,4.206412995699793e-11,0.0,181.5,1.3642420526593924e-11,1.1667111721180845e-11,0.0,8.924416761146858e-12,3.552713678800501e-13,0.0,0.0,0.9999999999998792,5.5706550483591855e-12
716,8,4,-0.013608338568204504,0.0,3.007016857736744e-11,26.409999999999997,158.60000000000002,445.34000000000003,4.206412995699793e-11,0.0,181.5,1.3642420526593924e-11,1.1652900866465643e-11,0.0,8.924416761146858e-12,3.552713678800501e-13,0.0,0.0,0.9999999999998792,5.5706550483591855e-12
717,9,3,-0.0197946642821132,0.0,3.012701199622825e-11,0.0,158.60000000000002,445.3400000000001,4.206412995699793e-11,0.0,181.5,1.3642420526593924e-11,1.1652900866465643e-11,0.0,8.981260180007666e-12,3.552713678800501e-13,0.0,0.0,0.9999999999998863,5.5706550483591855e-12
718,10,4,0.003918527458940698,0.0,3.0240698833949864e-11,22.02000000000001,186.41358396415887,445.34000000000003,4.1950443119276315e-11,0.0,181.5,1.3642420526593924e-11,1.1652900866465643e-11,0.0,8.924416761146858e-12,3.552713678800501e-13,0.0,0.0,0.9999999999998863,5.5706550483591855e-12
719,11,1,0.00366993255771772,0.0,3.0240698833949864e-11,0.0,158.60000000000002,445.34000000000003,4.1950443119276315e-11,0.0,139.57349999999997,1.3642420526593924e-11,1.1652900866465643e-11,0.0,8.924416761146858e-12,3.552713678800501e-13,0.0,0.0,0.9999999999998792,5.5706550483591855e-12
720,12,1,-0.03924698850896982,0.0,3.035438567167148e-11,0.0,158.60000000000002,445.34000000000003,4.18367562815547e-11,0.0,100.64189999999996,1.3642420526593924e-11,1.1652900866465643e-11,0.0,8.981260180007666e-12,3.552713678800501e-13,0.0,0.0,0.9999999999998721,5.5706550483591855e-12
721,1,4,0.026453420435932268,0.0,3.0468072509393096e-11,22.02000000000001,254.81385464646132,445.34000000000003,4.229150363244116e-11,0.0,112.62119999999999,1.3642420526593924e-11,1.1709744285326451e-11,0.0,8.981260180007666e-12,3.552713678800501e-13,0.0,0.0,0.9999999999998863,5.5706550483591855e-12
722,2,3,0.04808308128173452,0.0,3.0468072509393096e-11,6.937571465013434,158.60000000000002,445.34000000000003,4.229150363244116e-11,0.0,124.59989999999999,1.375610736431554e-11,1.1766587704187259e-11,0.0,9.094947017729282e-12,3.552713678800501e-13,0.0,0.0,0.9999999999999005,5.6843418860808015e-12
723,3,4,-0.02106519939737154,0.0,3.0468072509393096e-11,26.409999999999997,158.60000000000002,445.34,4.274625098332763e-11,0.0,151.5524999999999,1.3869794202037156e-11,1.1795009413617663e-11,0.0,9.094947017729282e-12,3.552713678800501e-13,0.0,0.0,0.999999999999929,5.5706550483591855e-12
724,4,4,-0.012459695992630103,0.0,3.0468072509393096e-11,30.80000000000001,158.60000000000002,445.34000000000003,4.320099833421409e-11,0.0,181.5,1.3869794202037156e-11,1.1851852832478471e-11,0.0,9.322320693172514e-12,3.552713678800501e-13,0.0,0.0,0.999999999999929,5.5706550483591855e-12
725,5,4,-0.012459695992630103,0.0,3.0468072509393096e-11,30.80000000000001,158.60000000000002,445.34000000000003,4.297362465877086e-11,0.0,181.5,1.3869794202037156e-11,1.1851852832478471e-11,0.0,9.208633855450898e-12,3.552713678800501e-13,0.0,0.0,0.999999999999929,5.6843418860808015e-12
726,6,4,-0.012459695992630103,0.0,3.0468072509393096e-11,30.80000000000001,158.60000000000002,445.34000000000003,4.285993782104924e-11,0.0,181.5,1.3869794202037156e-11,1.1851852832478471e-11,0.0,9.208633855450898e-12,3.552713678800501e-13,0.0,0.0,0.9999999999999218,5.6843418860808015e-12
727,7,3,-0.019652550317704676,0.0,3.0468072509393096e-11,0.0,158.60000000000002,445.34000000000003,4.297362465877086e-11,0.0,181.5,1.3869794202037156e-11,1.1866063687193673e-11,0.0,9.15179043659009e-12,3.552713678800501e-13,0.0,0.0,0.9999999999999147,5.6843418860808015e-12
728,8,4,-0.013608338568204504,0.0,3.0468072509393096e-11,26.409999999999968,158.60000000000002,445.34000000000003,4.297362465877086e-11,0.0,181.5,1.3869794202037156e-11,1.1851852832478471e-11,0.0,9.094947017729282e-12,3.552713678800501e-13,0.0,0.0,0.9999999999999147,5.6559201766503975e-12
729,9,3,-0.029839668875616673,0.0,3.035438567167148e-11,0.0,158.60000000000002,445.34000000000003,4.285993782104924e-11,0.0,139.4560806693517,1.3869794202037156e-11,1.1851852832478471e-11,0.0,9.094947017729282e-12,3.552713678800501e-13,0.0,0.0,0.9999999999999147,5.6274984672199935e-12
730,10,4,0.042355484279647,0.0,3.035438567167148e-11,22.02000000000004,213.19758396415887,445.34000000000003,4.274625098332763e-11,0.0,238.60484635037483,1.3869794202037156e-11,1.1851852832478471e-11,0.0,9.094947017729282e-12,3.552713678800501e-13,0.0,0.0,0.9999999999999147,5.6274984672199935e-12
731,11,1,0.02859305982672347,0.0,3.035438567167148e-11,0.0,165.80878312898267,445.34000000000003,4.274625098332763e-11,0.0,139.57349999999997,1.3869794202037156e-11,1.1851852832478471e-11,0.0,9.15179043659009e-12,3.552713678800501e-13,0.0,0.0,0.9999999999999076,5.6274984672199935e-12
732,12,1,0.017122309151051302,0.0,3.0240698833949864e-11,0.0,158.60000000000002,445.34000000000003,4.285993782104924e-11,0.0,100.64189999999996,1.3869794202037156e-11,1.1851852832478471e-11,0.0,8.981260180007666e-12,3.552713678800501e-13,0.0,0.0,0.9999999999999076,5.6274984672199935e-12
733,1,4,0.0823851051000629,0.0,3.001332515850663e-11,22.02000000000001,179.81865464646137,445.34,4.274625098332763e-11,0.0,177.96588177796332,1.3869794202037156e-11,1.1937117960769683e-11,0.0,8.981260180007666e-12,3.694822225952521e-13,0.0,0.0,0.9999999999999147,5.5706550483591855e-12
734,2,1,-0.03469978952561406,0.0,3.001332515850663e-11,0.0,158.60000000000002,445.34000000000003,4.297362465877086e-11,0.0,124.59989999999999,1.3983481039758772e-11,1.1965539670200087e-11,0.0,8.86757334228605e-12,3.694822225952521e-13,0.0,0.0,0.999999999999929,5.6843418860808015e-12
735,3,4,-0.02106519939737154,0.0,3.0240698833949864e-11,26.409999999999997,158.60000000000002,445.34000000000003,4.297362465877086e-11,0.0,151.5525,1.3983481039758772e-11,1.1965539670200087e-11,0.0,8.640199666842818e-12,3.694822225952521e-13,0.0,0.0,0.9999999999999574,5.7980287238024175e-12
736,4,4,-0.012459695992630103,0.0,3.0240698833949864e-11,30.80000000000001,158.60000000000002,445.34000000000003,4.297362465877086e-11,0.0,181.5,1.3983481039758772e-11,1.1965539670200087e-11,0.0,8.640199666842818e-12,3.694822225952521e-13,0.0,0.0,0.9999999999999574,5.7980287238024175e-12
737,5,4,-0.012459695992630103,0.0,3.012701199622825e-11,30.80000000000001,158.60000000000002,445.34000000000003,4.297362465877086e-11,0.0,181.5,1.3983481039758772e-11,1.1965539670200087e-11,0.0,8.640199666842818e-12,3.694822225952521e-13,0.0,0.0,0.9999999999999574,5.7411853049416095e-12
738,6,4,-0.012459695992630103,0.0,3.012701199622825e-11,30.80000000000001,158.60000000000002,445.34000000000003,4.297362465877086e-11,0.0,181.5,1.3983481039758772e-11,1.1965539670200087e-11,0.0,8.697043085703626e-12,3.694822225952521e-13,0.0,0.0,0.9999999999999432,5.7411853049416095e-12
739,7,3,-0.019652550317704676,0.0,3.012701199622825e-11,0.0,158.60000000000002,445.34000000000003,4.3087311496492475e-11,0.0,181.5,1.3983481039758772e-11,1.1979750524915289e-11,0.0,8.697043085703626e-12,3.694822225952521e-13,0.0,0.0,0.999999999999936,5.7980287238024175e-12
740,8,4,-0.014729025561604919,0.0,3.012701199622825e-11,21.593175233665903,158.60000000000002,445.34000000000003,4.3087311496492475e-11,0.0,181.5,1.3983481039758772e-11,1.1965539670200087e-11,0.0,8.697043085703626e-12,3.694822225952521e-13,0.0,0.0,0.999999999999936,5.7696070143720135e-12
741,9,4,-0.008739621449344542,0.0,3.012701199622825e-11,22.019999999999982,184.2999024301987,445.34000000000003,4.320099833421409e-11,0.0,181.5,1.3983481039758772e-11,1.1965539670200087e-11,0.0,8.697043085703626e-12,3.694822225952521e-13,0.0,0.0,0.999999999999929,5.7980287238024175e-12
742,10,3,0.028822289780702993,0.0,3.001332515850663e-11,0.0,220.1379982360163,445.34000000000003,4.297362465877086e-11,0.0,187.22649881955203,1.3983481039758772e-11,1.1965539670200087e-11,0.0,8.697043085703626e-12,3.694822225952521e-13,0.0,0.0,0.999999999999929,5.8548721426632255e-12
743,11,1,0.1436997867907462,0.0,3.0240698833949864e-11,0.0,274.1030718730998,445.34000000000003,4.297362465877086e-11,0.0,374.29380792966845,1.3983481039758772e-11,1.1993961379630491e-11,0.0,8.697043085703626e-12,3.694822225952521e-13,0.0,0.0,0.999999999999929,5.8548721426632255e-12
744,12,1,0.20531116176245512,143.26276972901087,3.0468072509393096e-11,0.0,330.34891314310437,445.34000000000003,4.297362465877086e-11,0.0,335.4730000000002,1.3983481039758772e-11,1.1993961379630491e-11,0.0,8.640199666842818e-12,3.694822225952521e-13,0.0,0.0,0.9999999999999147,5.9117155615240335e-12
745,1,1,0.17772483277232085,226.78105703054598,3.0468072509393096e-11,0.0,375.86981584426746,445.34000000000003,4.297362465877086e-11,0.0,112.62119999999999,1.4097167877480388e-11,1.2050804798491299e-11,0.0,8.526512829121202e-12,3.694822225952521e-13,0.0,0.0,0.9999999999999147,5.9117155615240335e-12
746,2,3,0.18795063139110194,151.16182932397305,3.0240698833949864e-11,24.214999999999975,468.08033069503153,445.34000000000003,4.297362465877086e-11,0.0,124.59989999999999,1.4210854715202004e-11,1.2050804798491299e-11,0.0,8.640199666842818e-12,3.694822225952521e-13,0.0,0.0,0.999999999999929,5.9117155615240335e-12
747,3,2,0.01880359319920243,0.0,3.0468072509393096e-11,2.3923003895549186,158.60000000000002,445.34,4.320099833421409e-11,0.0,151.5525,1.432454155292362e-11,1.2107648217352107e-11,0.0,8.86757334228605e-12,3.694822225952521e-13,0.0,0.0,0.999999999999929,5.7980287238024175e-12
748,4,4,-0.012459695992630103,0.0,3.0468072509393096e-11,30.80000000000001,158.60000000000002,445.34000000000003,4.3428372009657323e-11,0.0,181.5,1.432454155292362e-11,1.2164491636212915e-11,0.0,9.094947017729282e-12,3.694822225952521e-13,0.0,0.0,0.9999999999999147,5.9117155615240335e-12
749,5,4,-0.012459695992630103,0.0,3.0468072509393096e-11,30.80000000000001,158.60000000000002,445.34000000000003,4.3428372009657323e-11,0.0,181.5,1.432454155292362e-11,1.2164491636212915e-11,0.0,8.981260180007666e-12,3.694822225952521e-13,0.0,0.0,0.9999999999999147,5.9685589803848416e-12
750,6,4,-0.012459695992630103,0.0,3.0468072509393096e-11,30.80000000000001,158.60000000000002,445.34000000000003,4.331468517193571e-11,0.0,181.5,1.4381384971784428e-11,1.2164491636212915e-11,0.0,8.981260180007666e-12,3.694822225952521e-13,0.0,0.0,0.9999999999999005,5.9117155615240335e-12
751,7,3,-0.019652550317704676,0.0,3.035438567167148e-11,0.0,158.60000000000002,445.34000000000003,4.331468517193571e-11,0.0,181.5,1.4381384971784428e-11,1.2178702490928117e-11,0.0,9.038103598868474e-12,3.694822225952521e-13,0.0,0.0,0.9999999999998934,5.8548721426632255e-12
752,8,4,-0.015975343702178558,0.0,3.035438567167148e-11,16.23637523366611,158.60000000000002,445.34000000000003,4.331468517193571e-11,0.0,181.5,1.4381384971784428e-11,1.2164491636212915e-11,0.0,9.038103598868474e-12,3.694822225952521e-13,0.0,0.0,0.9999999999998934,5.8548721426632255e-12
753,9,4,-0.009387689909487844,0.0,3.041122909053229e-11,22.02000000000001,181.5428895870566,445.34000000000003,4.331468517193571e-11,0.0,181.5,1.4381384971784428e-11,1.2178702490928117e-11,0.0,9.094947017729282e-12,3.694822225952521e-13,0.0,0.0,0.9999999999998934,5.9117155615240335e-12
754,10,3,0.026915310566347765,0.0,3.0468072509393096e-11,0.0,206.66852726230638,445.34000000000003,4.320099833421409e-11,0.0,192.58329881955206,1.4381384971784428e-11,1.2164491636212915e-11,0.0,9.094947017729282e-12,3.694822225952521e-13,0.0,0.0,0.9999999999999005,5.8548721426632255e-12
755,11,1,0.0022526687092605273,0.0,3.0468072509393096e-11,0.0,158.60000000000002,445.34,4.320099833421409e-11,0.0,139.57349999999997,1.4381384971784428e-11,1.2164491636212915e-11,0.0,9.094947017729282e-12,3.694822225952521e-13,0.0,0.0,0.9999999999998863,5.8548721426632255e-12
756,12,1,-0.014206405184554812,0.0,3.0468072509393096e-11,0.0,158.60000000000002,445.34000000000003,4.320099833421409e-11,0.0,100.64189999999996,1.4381384971784428e-11,1.2164491636212915e-11,0.0,8.981260180007666e-12,3.694822225952521e-13,0.0,0.0,0.9999999999998721,5.8548721426632255e-12
757,1,4,-0.03273832655337024,0.0,3.069544618483633e-11,22.02000000000001,158.60000000000002,445.34000000000003,4.320099833421409e-11,0.0,112.62119999999999,1.4438228390645236e-11,1.2278178473934531e-11,0.0,9.094947017729282e-12,3.694822225952521e-13,0.0,0.0,0.9999999999998863,5.9117155615240335e-12
758,2,4,-0.028774156163135937,0.0,3.069544618483633e-11,24.215000000000003,158.60000000000002,445.34000000000003,4.3087311496492475e-11,0.0,124.59989999999993,1.4438228390645236e-11,1.2249756764504127e-11,0.0,9.208633855450898e-12,3.694822225952521e-13,0.0,0.0,0.9999999999998863,6.0254023992456496e-12
759,3,4,-0.02106519939737154,0.0,3.092281986027956e-11,26.409999999999997,158.60000000000002,445.34,4.320099833421409e-11,0.0,151.5525,1.4551915228366852e-11,1.2278178473934531e-11,0.0,9.208633855450898e-12,3.694822225952521e-13,0.0,0.0,0.9999999999998863,5.9117155615240335e-12
760,4,4,-0.012459695992630103,0.0,3.092281986027956e-11,30.799999999999955,158.60000000000002,445.34000000000003,4.3428372009657323e-11,0.0,181.5,1.4551915228366852e-11,1.233502189279534e-11,0.0,9.208633855450898e-12,3.694822225952521e-13,0.0,0.0,0.9999999999998863,6.0254023992456496e-12
761,5,4,-0.012459695992630103,0.0,3.115019353572279e-11,30.80000000000001,158.60000000000002,445.34000000000003,4.3428372009657323e-11,0.0,181.5,1.4551915228366852e-11,1.2391865311656147e-11,0.0,9.208633855450898e-12,3.694822225952521e-13,0.0,0.0,0.9999999999998863,6.0254023992456496e-12
762,6,4,-0.012459695992630103,0.0,3.126388037344441e-11,30.80000000000001,158.60000000000002,445.34000000000003,4.3428372009657323e-11,0.0,181.5,1.4551915228366852e-11,1.2391865311656147e-11,0.0,9.208633855450898e-12,3.694822225952521e-13,0.0,0.0,0.9999999999998721,6.0254023992456496e-12
763,7,3,-0.02132731474810649,0.0,3.126388037344441e-11,0.0,158.60000000000002,445.34000000000003,4.3428372009657323e-11,0.0,174.2649339224427,1.4495071809506044e-11,1.2391865311656147e-11,0.0,9.208633855450898e-12,3.694822225952521e-13,0.0,0.0,0.9999999999998721,6.0822458181064576e-12
764,8,4,-0.021554126683004583,0.0,3.1320723792305216e-11,10.879575233666031,158.60000000000002,445.34000000000003,4.331468517193571e-11,0.0,162.87863287011197,1.4495071809506044e-11,1.2391865311656147e-11,0.0,9.208633855450898e-12,3.694822225952521e-13,0.0,0.0,0.9999999999998721,6.0822458181064576e-12
765,9,4,-0.025003895447855487,0.0,3.1320723792305216e-11,22.019999999999982,155.70037366504243,445.34000000000003,4.3371528590796515e-11,0.0,140.90805432069072,1.4495071809506044e-11,1.2377654456940945e-11,0.0,9.208633855450898e-12,3.694822225952521e-13,0.0,0.0,0.9999999999998792,6.0822458181064576e-12
766,10,4,-0.017621562969214896,0.0,3.126388037344441e-11,22.02000000000001,158.60000000000002,445.34000000000003,4.3371528590796515e-11,0.0,169.41434681636593,1.4495071809506044e-11,1.2363443602225743e-11,0.0,9.208633855450898e-12,3.694822225952521e-13,0.0,0.0,0.999999999999865,6.0822458181064576e-12
767,11,1,-0.020134871884375988,0.0,3.126388037344441e-11,0.0,158.60000000000002,445.3400000000001,4.3428372009657323e-11,0.0,139.57349999999997,1.4495071809506044e-11,1.233502189279534e-11,0.0,9.265477274311706e-12,3.694822225952521e-13,0.0,0.0,0.999999999999865,6.0254023992456496e-12
768,12,1,0.06865874293177607,0.0,3.126388037344441e-11,0.0,212.0254881075233,445.34000000000003,4.320099833421409e-11,0.0,248.52943905201812,1.4438228390645236e-11,1.233502189279534e-11,0.0,9.208633855450898e-12,3.694822225952521e-13,0.0,0.0,0.9999999999998721,6.0254023992456496e-12
769,1,1,0.05439876544733029,0.0,3.126388037344441e-11,0.0,158.60000000000002,445.34000000000003,4.297362465877086e-11,0.0,112.62119999999999,1.4551915228366852e-11,1.2363443602225743e-11,0.0,9.208633855450898e-12,3.694822225952521e-13,0.0,0.0,0.9999999999998721,6.0254023992456496e-12
770,2,4,0.30972000147727113,436.8487914317161,3.1377567211166024e-11,32.509637676631456,380.9740916884963,445.34000000000003,4.3655745685100555e-11,0.0,415.33299999999997,1.4665602066088468e-11,1.2391865311656147e-11,0.0,9.094947017729282e-12,3.694822225952521e-13,0.0,0.0,0.9999999999998295,6.0254023992456496e-12
771,3,1,0.07419579154878202,0.0,3.183231456205249e-11,8.00340361123645,158.60000000000002,445.34000000000003,4.411049303598702e-11,0.0,151.5525,1.4779288903810084e-11,1.2420287021086551e-11,0.0,9.322320693172514e-12,3.694822225952521e-13,0.0,0.0,0.9999999999998295,5.9117155615240335e-12
772,4,4,-0.012459695992630103,0.0,3.205968823749572e-11,30.80000000000001,158.60000000000002,445.34000000000003,4.411049303598702e-11,0.0,181.5,1.4779288903810084e-11,1.2420287021086551e-11,0.0,9.094947017729282e-12,3.694822225952521e-13,0.0,0.0,0.9999999999998295,5.9117155615240335e-12
773,5,4,-0.012459695992630103,0.0,3.205968823749572e-11,30.80000000000001,158.60000000000002,445.34000000000003,4.411049303598702e-11,0.0,181.5,1.4836132322670892e-11,1.2420287021086551e-11,0.0,8.981260180007666e-12,3.694822225952521e-13,0.0,0.0,0.9999999999998366,5.8548721426632255e-12
774,6,4,-0.012459695992630103,0.0,3.205968823749572e-11,30.80000000000001,158.60000000000002,445.34,4.411049303598702e-11,0.0,181.5,1.4836132322670892e-11,1.2420287021086551e-11,0.0,8.981260180007666e-12,3.694822225952521e-13,0.0,0.0,0.9999999999998366,5.9117155615240335e-12
775,7,3,-0.019652550317704676,0.0,3.205968823749572e-11,0.0,158.60000000000002,445.34000000000003,4.405364961712621e-11,0.0,181.5,1.4836132322670892e-11,1.240607616637135e-11,0.0,8.981260180007666e-12,3.694822225952521e-13,0.0,0.0,0.9999999999998366,5.8548721426632255e-12
776,8,4,-0.013608338568204504,0.0,3.205968823749572e-11,26.409999999999997,158.60000000000002,445.34000000000003,4.405364961712621e-11,0.0,181.5,1.4836132322670892e-11,1.240607616637135e-11,0.0,8.981260180007666e-12,3.694822225952521e-13,0.0,0.0,0.9999999999998366,5.8548721426632255e-12
777,9,3,-0.03044894911632,0.0,3.205968823749572e-11,0.0,158.60000000000002,445.34000000000003,4.405364961712621e-11,0.0,136.8640806693516,1.4836132322670892e-11,1.240607616637135e-11,0.0,9.038103598868474e-12,3.694822225952521e-13,0.0,0.0,0.999999999999833,5.8548721426632255e-12
778,10,4,0.04426478499046411,0.0,3.205968823749572e-11,22.02000000000001,205.16238396415883,445.34000000000003,4.388311936054379e-11,0.0,227.97859343433316,1.4836132322670892e-11,1.2391865311656147e-11,0.0,8.981260180007666e-12,3.694822225952521e-13,0.0,0.0,0.9999999999998508,5.8548721426632255e-12
779,11,1,0.12865273130390295,0.0,3.205968823749572e-11,0.0,233.19517855170875,445.34000000000003,4.388311936054379e-11,0.0,372.32592904095964,1.4836132322670892e-11,1.2420287021086551e-11,0.0,9.038103598868474e-12,3.694822225952521e-13,0.0,0.0,0.9999999999998579,5.8548721426632255e-12
780,12,1,0.1793734692362235,95.39777373127936,3.228706191293895e-11,0.0,275.9993507511608,445.34000000000003,4.388311936054379e-11,0.0,335.47299999999996,1.4836132322670892e-11,1.2448708730516955e-11,0.0,9.094947017729282e-12,3.694822225952521e-13,0.0,0.0,0.9999999999998579,5.8548721426632255e-12
781,1,1,0.3212652347014659,467.5095304704096,3.228706191293895e-11,45.56231346105247,404.4895047089964,445.34000000000003,4.4565240386873484e-11,0.0,375.404,1.48929757415317e-11,1.2505552149377763e-11,0.0,9.094947017729282e-12,3.694822225952521e-13,0.0,0.0,0.9999999999998295,6.0254023992456496e-12
782,2,1,0.47415082706181977,1114.7806541792747,3.205968823749572e-11,70.58669747581735,504.2331275265975,445.34000000000003,4.4792614062316716e-11,0.0,248.00881504237657,1.48929757415317e-11,1.2533973858808167e-11,0.0,9.322320693172514e-12,3.694822225952521e-13,0.0,0.0,0.9999999999998579,6.139089236967266e-12
783,3,1,0.5863778318432419,1570.1828919816858,3.228706191293895e-11,105.64000000000001,634.4000000000001,445.34,4.4565240386873484e-11,0.0,151.5525,1.5006662579253316e-11,1.2562395568238571e-11,0.0,9.549694368615746e-12,3.836930773104541e-13,0.0,0.0,0.9999999999998579,6.0254023992456496e-12
784,4,2,0.44461688685967043,1054.4,3.228706191293895e-11,123.19999999999999,571.4265227446886,445.34000000000003,4.4565240386873484e-11,0.0,181.5,1.5006662579253316e-11,1.2562395568238571e-11,0.0,9.777068044058979e-12,3.836930773104541e-13,0.0,0.0,0.9999999999998579,6.0254023992456496e-12
785,5,2,0.3140891611156124,754.9751375639894,3.2514435588382185e-11,30.80000000000001,396.5,445.34000000000003,4.433786671143025e-11,0.0,181.5,1.5006662579253316e-11,1.2562395568238571e-11,0.0,9.549694368615746e-12,3.836930773104541e-13,0.0,0.0,0.9999999999998579,6.139089236967266e-12
786,6,3,0.23730935277736287,394.6526616441756,3.26281224261038e-11,30.80000000000001,423.444548115134,445.34000000000003,4.445155354915187e-11,0.0,181.5,1.5006662579253316e-11,1.2562395568238571e-11,0.0,9.549694368615746e-12,3.836930773104541e-13,0.0,0.0,0.9999999999998721,6.195932655828074e-12
787,7,2,0.2017032219788342,293.3680041096627,3.26281224261038e-11,0.0,396.5,445.34000000000003,4.445155354915187e-11,0.0,181.5,1.5063505998114124e-11,1.2533973858808167e-11,0.0,9.43600753089413e-12,3.836930773104541e-13,0.0,0.0,0.9999999999998792,6.195932655828074e-12
788,8,3,0.18761921147011795,184.98982552472307,3.26281224261038e-11,26.409999999999997,413.50630729499096,445.34000000000003,4.445155354915187e-11,0.0,181.5,1.5063505998114124e-11,1.2519763004092965e-11,0.0,9.43600753089413e-12,3.836930773104541e-13,0.0,0.0,0.9999999999998721,6.195932655828074e-12
789,9,3,0.2611894815735813,355.72815508499707,3.26281224261038e-11,0.0,464.60083940932884,445.34000000000003,4.4565240386873484e-11,0.0,290.8232980160035,1.5063505998114124e-11,1.2505552149377763e-11,0.0,9.43600753089413e-12,3.836930773104541e-13,0.0,0.0,0.9999999999998721,6.195932655828074e-12
790,10,1,0.2999369155412772,487.7791597678329,3.26281224261038e-11,0.0,500.32728719423596,445.34000000000003,4.445155354915187e-11,0.0,287.88517913363285,1.5063505998114124e-11,1.2505552149377763e-11,0.0,9.43600753089413e-12,3.836930773104541e-13,0.0,0.0,0.9999999999998721,6.139089236967266e-12
791,11,1,0.4064003536557177,650.0641348155777,3.296918293926865e-11,0.0,538.961792755936,445.34000000000003,4.4565240386873484e-11,0.0,465.2450000000001,1.5120349416974932e-11,1.2562395568238571e-11,0.0,9.43600753089413e-12,3.836930773104541e-13,0.0,0.0,0.9999999999998863,6.0822458181064576e-12
792,12,1,0.4559674727245693,857.8373363964147,3.319655661471188e-11,0.0,603.5539689948043,445.34000000000003,4.433786671143025e-11,0.0,335.47299999999996,1.5120349416974932e-11,1.2562395568238571e-11,0.0,9.322320693172514e-12,3.836930773104541e-13,0.0,0.0,0.9999999999998863,6.0822458181064576e-12
793,1,1,0.5704412148106647,1193.3192205338305,3.2741809263825417e-11,10.743113461052445,716.3336608969776,445.34000000000003,4.4565240386873484e-11,0.0,375.404,1.5234036254696548e-11,1.261923898709938e-11,0.0,9.322320693172514e-12,3.836930773104541e-13,0.0,0.0,0.9999999999998863,6.0254023992456496e-12
794,2,1,0.5369613466439283,1354.8627854934803,3.2514435588382185e-11,20.709107366164204,694.111621857875,445.34000000000003,4.501998773775995e-11,0.0,124.59989999999999,1.5347723092418164e-11,1.261923898709938e-11,5.684341886080802e-14,9.549694368615746e-12,3.836930773104541e-13,0.0,0.0,0.9999999999998863,6.139089236967266e-12
795,3,1,0.26663290443276394,571.3457568574622,3.2741809263825417e-11,0.0,396.5,445.34000000000003,4.547473508864641e-11,0.0,151.5525,1.546140993013978e-11,1.2676082405960187e-11,0.0,9.777068044058979e-12,3.836930773104541e-13,0.0,0.0,0.9999999999998863,6.0254023992456496e-12
796,4,3,0.006272647631478911,0.0,3.2741809263825417e-11,30.80000000000001,158.60000000000002,445.34000000000003,4.547473508864641e-11,0.0,181.5,1.546140993013978e-11,1.2732925824820995e-11,0.0,1.000444171950221e-11,3.836930773104541e-13,0.0,0.0,0.9999999999998721,6.0822458181064576e-12
797,5,4,-0.012459695992630103,0.0,3.26281224261038e-11,30.80000000000001,158.60000000000002,445.34000000000003,4.5361048250924796e-11,0.0,181.5,1.546140993013978e-11,1.2732925824820995e-11,0.0,9.890754881780595e-12,3.836930773104541e-13,0.0,0.0,0.9999999999998863,6.139089236967266e-12
798,6,4,-0.012459695992630103,0.0,3.26281224261038e-11,30.80000000000001,158.60000000000002,445.34000000000003,4.547473508864641e-11,0.0,181.5,1.546140993013978e-11,1.2704504115390591e-11,0.0,1.000444171950221e-11,3.836930773104541e-13,0.0,0.0,0.9999999999998721,6.139089236967266e-12
799,7,3,-0.019652550317704676,0.0,3.26281224261038e-11,0.0,158.60000000000002,442.300448,4.547473508864641e-11,0.0,181.5,1.546140993013978e-11,1.2704504115390591e-11,0.0,1.000444171950221e-11,3.836930773104541e-13,0.0,0.0,0.9999999999998721,6.139089236967266e-12
800,8,4,-0.013608338568204504,0.0,3.26281224261038e-11,26.409999999999997,158.60000000000002,442.30251200000004,4.547473508864641e-11,0.0,181.5,1.546140993013978e-11,1.269029326067539e-11,0.0,1.000444171950221e-11,3.836930773104541e-13,0.0,0.0,0.9999999999998721,6.16751094639767e-12
801,9,3,-0.02679326767210014,0.0,3.26281224261038e-11,0.0,158.60000000000002,442.74075200000004,4.547473508864641e-11,0.0,152.41608066935174,1.546140993013978e-11,1.269029326067539e-11,0.0,1.000444171950221e-11,3.836930773104541e-13,0.0,0.0,0.9999999999998721,6.139089236967266e-12
802,10,4,-0.014780687320765387,0.0,3.26281224261038e-11,22.02000000000001,158.60000000000002,445.34000000000003,4.547473508864641e-11,0.0,181.5,1.546140993013978e-11,1.2704504115390591e-11,0.0,1.000444171950221e-11,3.836930773104541e-13,0.0,0.0,0.9999999999998792,6.139089236967266e-12
803,11,1,0.07071114233950154,0.0,3.26281224261038e-11,0.0,204.73820807168215,445.34,4.547473508864641e-11,0.0,312.8459766524079,1.546140993013978e-11,1.2732925824820995e-11,0.0,1.000444171950221e-11,3.836930773104541e-13,0.0,0.0,0.9999999999998863,6.139089236967266e-12
804,12,1,0.13454911729022742,0.0,3.240074875066057e-11,0.0,247.5074529143834,445.34000000000003,4.524736141320318e-11,0.0,335.47299999999996,1.5404566511278972e-11,1.2732925824820995e-11,0.0,9.777068044058979e-12,3.836930773104541e-13,0.0,0.0,0.9999999999998863,6.195932655828074e-12
805,1,1,0.17889790026168395,171.86583953963327,3.2741809263825417e-11,0.0,300.9699882128525,445.34000000000003,4.501998773775995e-11,0.0,247.15737723228847,1.546140993013978e-11,1.2789769243681803e-11,0.0,9.777068044058979e-12,3.836930773104541e-13,0.0,0.0,0.9999999999998863,6.139089236967266e-12
806,2,1,0.18055287928578587,212.63536422228253,3.319655661471188e-11,2.442437676631471,398.14856990350233,445.34000000000003,4.524736141320318e-11,0.0,124.59989999999999,1.5575096767861396e-11,1.2846612662542611e-11,0.0,9.777068044058979e-12,3.836930773104541e-13,0.0,0.0,0.9999999999999147,6.139089236967266e-12
807,3,3,-0.02106519939737154,0.0,3.342393029015511e-11,26.409999999999997,158.60000000000002,445.34000000000003,4.547473508864641e-11,0.0,151.5525,1.5688783605583012e-11,1.2846612662542611e-11,0.0,9.777068044058979e-12,3.836930773104541e-13,0.0,0.0,0.999999999999929,6.0254023992456496e-12
808,4,4,-0.012459695992630103,0.0,3.353761712787673e-11,30.80000000000001,158.60000000000002,445.34000000000003,4.5361048250924796e-11,0.0,181.5,1.5688783605583012e-11,1.2846612662542611e-11,0.0,9.663381206337363e-12,3.836930773104541e-13,0.0,0.0,0.999999999999929,6.0822458181064576e-12
809,5,4,-0.012459695992630103,0.0,3.3651303965598345e-11,30.80000000000001,158.60000000000002,445.34000000000003,4.547473508864641e-11,0.0,181.5,1.574562702444382e-11,1.2846612662542611e-11,0.0,9.663381206337363e-12,3.836930773104541e-13,0.0,0.0,0.999999999999929,6.0254023992456496e-12
810,6,4,-0.012459695992630103,0.0,3.376499080331996e-11,30.80000000000001,158.60000000000002,445.34,4.558842192636803e-11,0.0,181.5,1.5774048733874224e-11,1.2846612662542611e-11,0.0,9.72022462519817e-12,3.836930773104541e-13,0.0,0.0,0.9999999999999147,6.0254023992456496e-12
811,7,3,-0.019652550317704676,0.0,3.370814738445915e-11,0.0,158.60000000000002,445.34000000000003,4.553157850750722e-11,0.0,181.5,1.5802470443304628e-11,1.2860823517257813e-11,0.0,9.72022462519817e-12,3.836930773104541e-13,0.0,0.0,0.9999999999999147,5.9969806898152456e-12
812,8,4,-0.013608338568204504,0.0,3.370814738445915e-11,26.409999999999997,158.60000000000002,445.34000000000003,4.5417891669785604e-11,0.0,181.5,1.5774048733874224e-11,1.2846612662542611e-11,0.0,9.72022462519817e-12,3.836930773104541e-13,0.0,0.0,0.9999999999999076,6.0254023992456496e-12
813,9,3,-0.019956748624888367,0.0,3.3651303965598345e-11,0.0,158.60000000000002,445.34000000000003,4.547473508864641e-11,0.0,181.5,1.574562702444382e-11,1.2860823517257813e-11,0.0,9.777068044058979e-12,3.836930773104541e-13,0.0,0.0,0.9999999999999147,6.0254023992456496e-12
814,10,4,0.06167872110557029,0.0,3.3651303965598345e-11,22.02000000000001,202.48398396415882,445.34000000000003,4.5361048250924796e-11,0.0,312.77456045521797,1.574562702444382e-11,1.2860823517257813e-11,0.0,9.777068044058979e-12,3.836930773104541e-13,0.0,0.0,0.9999999999999147,6.0254023992456496e-12
815,11,1,0.09465211967417783,0.0,3.3651303965598345e-11,0.0,220.1465759413935,445.34,4.5361048250924796e-11,0.0,301.67147325248925,1.574562702444382e-11,1.2875034371973015e-11,0.0,9.833911462919787e-12,3.836930773104541e-13,0.0,0.0,0.9999999999999147,6.0254023992456496e-12
816,12,1,0.13643119780608798,0.0,3.342393029015511e-11,0.0,257.5779729207154,445.34000000000003,4.547473508864641e-11,0.0,280.06640775117546,1.574562702444382e-11,1.2875034371973015e-11,0.0,9.890754881780595e-12,3.836930773104541e-13,0.0,0.0,0.9999999999999147,6.0254023992456496e-12
817,1,1,0.28296777056082056,334.4981102376223,3.3651303965598345e-11,10.743113461052445,418.18799757148577,445.34000000000003,4.5702108764089644e-11,0.0,375.4040000000001,1.574562702444382e-11,1.2931877790833823e-11,0.0,1.0231815394945443e-11,3.836930773104541e-13,0.0,0.0,0.9999999999999147,6.0254023992456496e-12
818,2,1,0.36528737348000956,638.432121570238,3.342393029015511e-11,23.21470736616419,522.9505978619308,445.34000000000003,4.5929482439532876e-11,0.0,308.1432150423765,1.5802470443304628e-11,1.2960299500264227e-11,0.0,1.0231815394945443e-11,3.836930773104541e-13,0.0,0.0,0.9999999999999147,6.139089236967266e-12
819,3,1,0.18058474245885367,203.34249631642797,3.410605131648481e-11,6.749413330015727,396.5,445.34000000000003,4.638422979041934e-11,0.0,151.5525,1.5916157281026244e-11,1.3017142919125035e-11,0.0,1.0459189070388675e-11,3.836930773104541e-13,0.0,0.0,0.9999999999999432,6.0254023992456496e-12
820,4,3,-0.012459695992630103,0.0,3.433342499192804e-11,30.80000000000001,158.60000000000002,445.34000000000003,4.661160346586257e-11,0.0,181.5,1.5916157281026244e-11,1.3017142919125035e-11,0.0,1.0231815394945443e-11,3.836930773104541e-13,0.0,0.0,0.9999999999999432,6.0254023992456496e-12
821,5,4,-0.012459695992630103,0.0,3.4219738154206425e-11,30.80000000000001,158.60000000000002,445.34000000000003,4.6497916628140956e-11,0.0,181.5,1.5916157281026244e-11,1.3017142919125035e-11,0.0,1.0231815394945443e-11,3.836930773104541e-13,0.0,0.0,0.9999999999999432,6.0254023992456496e-12
822,6,4,-0.012459695992630103,0.0,3.4219738154206425e-11,30.799999999999955,158.60000000000002,445.34000000000003,4.6497916628140956e-11,0.0,181.5,1.5916157281026244e-11,1.304556462855544e-11,0.0,1.028865881380625e-11,3.836930773104541e-13,0.0,0.0,0.999999999999929,6.0254023992456496e-12
823,7,3,-0.019652550317704676,0.0,3.4219738154206425e-11,0.0,158.60000000000002,445.34000000000003,4.6497916628140956e-11,0.0,181.5,1.5859313862165436e-11,1.304556462855544e-11,0.0,1.0231815394945443e-11,3.836930773104541e-13,0.0,0.0,0.9999999999999432,6.0254023992456496e-12
824,8,4,-0.013608338568204504,0.0,3.416289473534562e-11,26.409999999999997,158.60000000000002,445.34000000000003,4.661160346586257e-11,0.0,181.5,1.5859313862165436e-11,1.3031353773840237e-11,0.0,1.0231815394945443e-11,3.836930773104541e-13,0.0,0.0,0.999999999999936,6.0254023992456496e-12
825,9,3,-0.025574707190693484,0.0,3.410605131648481e-11,0.0,158.60000000000002,445.3400000000001,4.6554760047001764e-11,0.0,157.6000806693517,1.588773557159584e-11,1.3059775483270641e-11,0.0,1.0174971976084635e-11,3.836930773104541e-13,0.0,0.0,0.9999999999999432,6.0254023992456496e-12
826,10,4,-0.014780687320765387,0.0,3.410605131648481e-11,22.02000000000001,158.60000000000002,445.34000000000003,4.6554760047001764e-11,0.0,181.5,1.588773557159584e-11,1.3073986337985843e-11,0.0,1.0118128557223827e-11,3.836930773104541e-13,0.0,0.0,0.999999999999929,6.0254023992456496e-12
827,11,1,-0.03115713006489306,0.0,3.4049207897624e-11,0.0,158.60000000000002,445.34,4.672529030358419e-11,0.0,139.57349999999997,1.5916157281026244e-11,1.3073986337985843e-11,0.0,1.0174971976084635e-11,3.836930773104541e-13,0.0,0.0,0.9999999999999218,6.0254023992456496e-12
828,12,1,-0.0005165989320993471,0.0,3.387867764104158e-11,0.0,164.38982715954148,445.34000000000003,4.7066350816749036e-11,0.0,100.64189999999996,1.5916157281026244e-11,1.3102408047416247e-11,5.684341886080802e-14,1.0118128557223827e-11,3.836930773104541e-13,0.0,0.0,0.9999999999999147,6.0254023992456496e-12
829,1,4,0.1633967543304591,20.999938795398975,3.387867764104158e-11,22.02000000000001,239.183292269984,445.34,4.774847184307873e-11,0.0,375.404,1.5916157281026244e-11,1.3130829756846651e-11,5.684341886080802e-14,1.0231815394945443e-11,3.836930773104541e-13,0.0,0.0,0.9999999999999147,6.0254023992456496e-12
830,2,1,0.16162163760710677,215.1513315112852,3.410605131648481e-11,6.937571465013434,313.77527153730387,445.34000000000003,4.7975845518521965e-11,0.0,124.59989999999999,1.602984411874786e-11,1.3130829756846651e-11,1.1368683772161603e-13,1.0231815394945443e-11,3.836930773104541e-13,0.0,0.0,0.999999999999929,6.139089236967266e-12
831,3,3,-0.02106519939737154,0.0,3.410605131648481e-11,26.409999999999997,158.60000000000002,445.34000000000003,4.8203219193965197e-11,0.0,151.5525,1.6143530956469476e-11,1.3159251466277055e-11,1.1368683772161603e-13,1.0686562745831907e-11,3.979039320256561e-13,0.0,0.0,0.9999999999999432,6.0254023992456496e-12
832,4,4,-0.012459695992630103,0.0,3.410605131648481e-11,30.80000000000001,158.60000000000002,445.34000000000003,4.8203219193965197e-11,0.0,181.5,1.6143530956469476e-11,1.3159251466277055e-11,1.1368683772161603e-13,1.057287590811029e-11,3.979039320256561e-13,0.0,0.0,0.9999999999999432,6.0254023992456496e-12
833,5,4,-0.012459695992630103,0.0,3.410605131648481e-11,30.80000000000001,158.60000000000002,445.34000000000003,4.8203219193965197e-11,0.0,181.5,1.6143530956469476e-11,1.3159251466277055e-11,1.1368683772161603e-13,1.057287590811029e-11,3.979039320256561e-13,0.0,0.0,0.9999999999999503,6.0254023992456496e-12
834,6,4,-0.012459695992630103,0.0,3.410605131648481e-11,30.799999999999955,158.60000000000002,445.34000000000003,4.8203219193965197e-11,0.0,181.5,1.617195266589988e-11,1.3159251466277055e-11,1.1368683772161603e-13,1.057287590811029e-11,3.979039320256561e-13,0.0,0.0,0.9999999999999432,6.0254023992456496e-12
835,7,3,-0.019652550317704676,0.0,3.410605131648481e-11,0.0,158.60000000000002,445.34000000000003,4.8203219193965197e-11,0.0,181.5,1.6143530956469476e-11,1.3159251466277055e-11,1.1368683772161603e-13,1.0516032489249483e-11,3.979039320256561e-13,0.0,0.0,0.9999999999999432,6.0254023992456496e-12
836,8,4,-0.013608338568204504,0.0,3.410605131648481e-11,26.409999999999997,158.60000000000002,445.34000000000003,4.8203219193965197e-11,0.0,181.5,1.6143530956469476e-11,1.3145040611561853e-11,1.1368683772161603e-13,1.0516032489249483e-11,3.979039320256561e-13,0.0,0.0,0.9999999999999432,5.9969806898152456e-12
837,9,3,-0.0027348175424206558,0.0,3.410605131648481e-11,0.0,158.60000000000002,445.3400000000001,4.8203219193965197e-11,0.0,181.5,1.6143530956469476e-11,1.3159251466277055e-11,1.1368683772161603e-13,1.0629719326971099e-11,3.979039320256561e-13,0.0,0.0,0.9999999999999503,6.0822458181064576e-12
838,10,4,-0.014780687320765387,0.0,3.399236447876319e-11,22.02000000000001,158.60000000000002,444.0672320000001,4.8203219193965197e-11,0.0,181.5,1.6143530956469476e-11,1.3159251466277055e-11,1.1368683772161603e-13,1.057287590811029e-11,3.979039320256561e-13,0.0,0.0,0.9999999999999503,6.110667527536862e-12
839,11,1,0.026137258498394367,0.0,3.387867764104158e-11,0.0,191.77820807168223,445.34000000000003,4.8203219193965197e-11,0.0,159.91797665240773,1.6143530956469476e-11,1.3159251466277055e-11,1.1368683772161603e-13,1.0629719326971099e-11,3.979039320256561e-13,0.0,0.0,0.9999999999999432,6.139089236967266e-12
840,12,1,0.1514394347967167,0.0,3.376499080331996e-11,0.0,261.31543578216167,445.34000000000003,4.831690603168681e-11,0.0,335.47299999999996,1.6200374375330284e-11,1.3159251466277055e-11,1.7053025658242404e-13,1.0686562745831907e-11,3.979039320256561e-13,0.0,0.0,0.999999999999929,6.195932655828074e-12
841,1,1,0.17016720233870816,181.8293102376224,3.3651303965598345e-11,0.0,317.47211573126333,445.34000000000003,4.843059286940843e-11,0.0,185.55417723228845,1.6257217794191092e-11,1.3130829756846651e-11,2.2737367544323206e-13,1.0686562745831907e-11,3.979039320256561e-13,0.0,0.0,0.999999999999929,6.139089236967266e-12
842,2,1,0.14189261663002506,131.80000000000018,3.3651303965598345e-11,7.453637676631445,315.98822800748303,445.34000000000003,4.865796654485166e-11,0.0,124.59989999999999,1.6257217794191092e-11,1.3130829756846651e-11,2.8421709430404007e-13,1.0686562745831907e-11,3.979039320256561e-13,0.0,0.0,0.999999999999929,6.252776074688882e-12
843,3,3,-0.02106519939737154,0.0,3.3651303965598345e-11,26.40999999999994,158.60000000000002,445.34000000000003,4.865796654485166e-11,0.0,151.5525,1.6370904631912708e-11,1.3130829756846651e-11,2.8421709430404007e-13,1.1141310096718371e-11,3.979039320256561e-13,0.0,0.0,0.999999999999929,6.139089236967266e-12
844,4,4,-0.012459695992630103,0.0,3.353761712787673e-11,30.80000000000001,158.60000000000002,445.34000000000003,4.8771653382573277e-11,0.0,181.5,1.6370904631912708e-11,1.311661890213145e-11,2.8421709430404007e-13,1.1141310096718371e-11,3.979039320256561e-13,0.0,0.0,0.999999999999929,6.139089236967266e-12
845,5,4,-0.012459695992630103,0.0,3.359446054673754e-11,30.80000000000001,158.60000000000002,445.34000000000003,4.888534022029489e-11,0.0,181.5,1.6427748050773516e-11,1.3102408047416247e-11,2.8421709430404007e-13,1.1141310096718371e-11,3.979039320256561e-13,0.0,0.0,0.999999999999929,6.139089236967266e-12
846,6,4,-0.012459695992630103,0.0,3.359446054673754e-11,30.799999999999955,158.60000000000002,445.34000000000003,4.888534022029489e-11,0.0,181.5,1.6427748050773516e-11,1.3102408047416247e-11,3.410605131648481e-13,1.1141310096718371e-11,3.979039320256561e-13,0.0,0.0,0.999999999999929,6.139089236967266e-12
847,7,3,-0.02752724298967779,0.0,3.359446054673754e-11,0.0,158.60000000000002,445.34000000000003,4.888534022029489e-11,0.0,147.4809339224426,1.6399326341343112e-11,1.3109513474773848e-11,3.410605131648481e-13,1.1084466677857563e-11,3.979039320256561e-13,0.0,0.0,0.9999999999999325,6.110667527536862e-12
848,8,4,-0.024027030836655194,0.0,3.359446054673754e-11,26.409999999999997,158.60000000000002,445.34000000000003,4.888534022029489e-11,0.0,136.71941876097236,1.6399326341343112e-11,1.3102408047416247e-11,3.410605131648481e-13,1.1084466677857563e-11,3.979039320256561e-13,0.0,0.0,0.999999999999936,6.139089236967266e-12
849,9,3,-0.038515459813108714,0.0,3.3651303965598345e-11,0.0,158.60000000000002,445.34000000000003,4.888534022029489e-11,0.0,102.54753086307284,1.6399326341343112e-11,1.3109513474773848e-11,3.410605131648481e-13,1.1141310096718371e-11,3.979039320256561e-13,0.0,0.0,0.9999999999999432,6.195932655828074e-12
850,10,4,-0.014780687320765387,0.0,3.3651303965598345e-11,22.02000000000001,158.60000000000002,445.34000000000003,4.888534022029489e-11,0.0,181.5,1.6427748050773516e-11,1.311661890213145e-11,3.410605131648481e-13,1.1141310096718371e-11,3.979039320256561e-13,0.0,0.0,0.9999999999999432,6.195932655828074e-12
851,11,1,-0.005701229959539375,0.0,3.3651303965598345e-11,0.0,158.60000000000002,445.34,4.8771653382573277e-11,0.0,139.57349999999997,1.6427748050773516e-11,1.3130829756846651e-11,3.410605131648481e-13,1.1198153515579179e-11,3.979039320256561e-13,0.0,0.0,0.9999999999999432,6.195932655828074e-12
852,12,1,0.07407670491569339,0.0,3.3651303965598345e-11,0.0,236.1310881075234,445.34000000000003,4.888534022029489e-11,0.0,200.31823905201804,1.6484591469634324e-11,1.3130829756846651e-11,3.410605131648481e-13,1.1027623258996755e-11,3.979039320256561e-13,0.0,0.0,0.9999999999999432,6.252776074688882e-12
853,1,1,0.19413748267402134,128.1857943872078,3.3651303965598345e-11,21.45671346105243,348.5054018403149,445.34000000000003,4.865796654485166e-11,0.0,283.17857963122174,1.659827830735594e-11,1.3130829756846651e-11,3.410605131648481e-13,1.1027623258996755e-11,3.979039320256561e-13,0.0,0.0,0.9999999999999432,6.252776074688882e-12
854,2,1,0.2458555190531204,389.41321810327145,3.3651303965598345e-11,31.429895357965563,435.6890407052073,445.34000000000003,4.9112713895738125e-11,0.0,148.15224490030835,1.6711965145077556e-11,1.3130829756846651e-11,3.410605131648481e-13,1.0913936421275139e-11,3.979039320256561e-13,0.0,0.0,0.9999999999999432,6.366462912410498e-12
855,3,2,-0.023792619405638687,0.0,3.3651303965598345e-11,14.95954076479208,158.60000000000002,445.34000000000003,4.9112713895738125e-11,0.0,151.5525,1.6825651982799172e-11,1.3159251466277055e-11,3.410605131648481e-13,1.0913936421275139e-11,3.979039320256561e-13,0.0,0.0,0.9999999999999432,6.252776074688882e-12
856,4,4,-0.012459695992630103,0.0,3.3651303965598345e-11,30.80000000000001,158.60000000000002,445.34000000000003,4.9112713895738125e-11,0.0,181.5,1.6825651982799172e-11,1.3145040611561853e-11,3.410605131648481e-13,1.0913936421275139e-11,3.979039320256561e-13,0.0,0.0,0.9999999999999432,6.30961949354969e-12
857,5,4,-0.012459695992630103,0.0,3.3651303965598345e-11,30.80000000000001,158.60000000000002,445.34000000000003,4.9112713895738125e-11,0.0,181.5,1.6825651982799172e-11,1.3130829756846651e-11,3.410605131648481e-13,1.0913936421275139e-11,3.979039320256561e-13,0.0,0.0,0.9999999999999432,6.366462912410498e-12
858,6,4,-0.012459695992630103,0.0,3.359446054673754e-11,30.799999999999955,158.60000000000002,445.34000000000003,4.9112713895738125e-11,0.0,181.5,1.6825651982799172e-11,1.3130829756846651e-11,3.410605131648481e-13,1.0913936421275139e-11,3.979039320256561e-13,0.0,0.0,0.9999999999999432,6.30961949354969e-12
859,7,3,-0.026907250165520608,0.0,3.3651303965598345e-11,0.0,158.60000000000002,445.34000000000003,4.9112713895738125e-11,0.0,150.1593339224426,1.6825651982799172e-11,1.3130829756846651e-11,3.410605131648481e-13,1.0857093002414331e-11,3.979039320256561e-13,0.0,0.0,0.9999999999999432,6.30961949354969e-12
860,8,4,-0.02278271169801207,0.0,3.3651303965598345e-11,13.55797523366607,158.60000000000002,445.34000000000003,4.9112713895738125e-11,0.0,154.9196516171084,1.6825651982799172e-11,1.3130829756846651e-11,3.410605131648481e-13,1.0857093002414331e-11,3.979039320256561e-13,0.0,0.0,0.9999999999999432,6.30961949354969e-12
861,9,4,-0.014780687320765387,0.0,3.3651303965598345e-11,22.019999999999982,158.60000000000002,445.34000000000003,4.9112713895738125e-11,0.0,181.5,1.6825651982799172e-11,1.3145040611561853e-11,3.410605131648481e-13,1.0800249583553523e-11,3.979039320256561e-13,0.0,0.0,0.9999999999999432,6.338041202980094e-12
862,10,4,-0.021253013292757278,0.0,3.3651303965598345e-11,9.346426493832354,154.27278396415886,445.34000000000003,4.905587047687732e-11,0.0,170.96622039196103,1.6825651982799172e-11,1.3145040611561853e-11,3.410605131648481e-13,1.0743406164692715e-11,3.979039320256561e-13,0.0,0.0,0.9999999999999396,6.338041202980094e-12
863,11,1,0.006630774039955174,0.0,3.3651303965598345e-11,0.0,158.64066194421252,445.34,4.9112713895738125e-11,0.0,139.57349999999997,1.6825651982799172e-11,1.3130829756846651e-11,3.410605131648481e-13,1.0743406164692715e-11,3.979039320256561e-13,0.0,0.0,0.9999999999999432,6.366462912410498e-12
864,12,1,0.10314731952531085,0.0,3.3651303965598345e-11,0.0,195.99580102148718,445.34,4.9112713895738125e-11,0.0,251.20783905201802,1.6768808563938364e-11,1.318767317570746e-11,2.8421709430404007e-13,1.0800249583553523e-11,3.979039320256561e-13,0.0,0.0,0.999999999999929,6.480149750132114e-12
865,1,1,0.20892836867282014,197.30215450754122,3.3651303965598345e-11,0.0,268.14779376656554,445.34,4.956746124662459e-11,0.0,375.404,1.6825651982799172e-11,1.3244516594568267e-11,2.8421709430404007e-13,1.0800249583553523e-11,4.121147867408581e-13,0.0,0.0,0.9999999999999432,6.480149750132114e-12
866,2,1,0.12003499847639194,131.80000000000018,3.342393029015511e-11,0.0,234.1210806788015,445.34000000000003,4.956746124662459e-11,0.0,124.59989999999999,1.693933882052079e-11,1.3244516594568267e-11,2.8421709430404007e-13,1.0686562745831907e-11,4.121147867408581e-13,0.0,0.0,0.9999999999999432,6.59383658785373e-12
867,3,3,-0.02106519939737154,0.0,3.3651303965598345e-11,26.409999999999997,158.60000000000002,445.34000000000003,4.979483492206782e-11,0.0,151.5525,1.7053025658242404e-11,1.3244516594568267e-11,2.2737367544323206e-13,1.0459189070388675e-11,4.121147867408581e-13,0.0,0.0,0.9999999999999716,6.480149750132114e-12
868,4,4,-0.012459695992630103,0.0,3.3651303965598345e-11,30.80000000000001,158.60000000000002,445.34000000000003,4.9681148084346205e-11,0.0,181.5,1.7053025658242404e-11,1.3244516594568267e-11,1.7053025658242404e-13,1.0459189070388675e-11,4.121147867408581e-13,0.0,0.0,0.9999999999999716,6.480149750132114e-12
869,5,4,-0.012459695992630103,0.0,3.3651303965598345e-11,30.80000000000001,158.60000000000002,445.34000000000003,4.9681148084346205e-11,0.0,181.5,1.7024603948812e-11,1.3244516594568267e-11,1.7053025658242404e-13,1.0402345651527867e-11,4.121147867408581e-13,0.0,0.0,0.9999999999999716,6.480149750132114e-12
870,6,4,-0.0152298194520699,0.0,3.3651303965598345e-11,30.80000000000001,158.60000000000002,445.34000000000003,4.9681148084346205e-11,0.0,169.47212393911235,1.6967760529951192e-11,1.3244516594568267e-11,2.2737367544323206e-13,1.0402345651527867e-11,4.121147867408581e-13,0.0,0.0,0.9999999999999645,6.480149750132114e-12
871,7,3,-0.037366890558910355,0.0,3.353761712787673e-11,0.0,157.54767686282923,444.978848,4.96243046654854e-11,0.0,106.02548757814992,1.6967760529951192e-11,1.3244516594568267e-11,2.2737367544323206e-13,1.0402345651527867e-11,4.121147867408581e-13,0.0,0.0,0.9999999999999574,6.45172804070171e-12
872,8,4,-0.05070996372818524,0.0,3.353761712787673e-11,0.0,151.06100035646864,445.34000000000003,4.9681148084346205e-11,0.0,55.982504543418315,1.6967760529951192e-11,1.3230305739853065e-11,2.2737367544323206e-13,1.0402345651527867e-11,4.121147867408581e-13,0.0,0.0,0.9999999999999503,6.508571459562518e-12
873,9,4,-0.06109972681475304,0.0,3.353761712787673e-11,0.0,145.58285231182606,445.3400000000001,4.956746124662459e-11,0.0,19.486689872851855,1.6967760529951192e-11,1.3230305739853065e-11,2.2737367544323206e-13,1.0402345651527867e-11,4.121147867408581e-13,0.0,0.0,0.9999999999999574,6.508571459562518e-12
874,10,4,-0.036706846960189554,0.0,3.353761712787673e-11,22.02000000000001,158.60000000000002,445.34000000000003,4.956746124662459e-11,0.0,88.22173166196177,1.6967760529951192e-11,1.3216094885137863e-11,2.2737367544323206e-13,1.0402345651527867e-11,4.121147867408581e-13,0.0,0.0,0.9999999999999716,6.480149750132114e-12
875,11,3,-0.024181279251591945,0.0,3.353761712787673e-11,0.0,158.60000000000002,445.34,4.956746124662459e-11,0.0,136.8011103339398,1.693933882052079e-11,1.3216094885137863e-11,1.7053025658242404e-13,1.0459189070388675e-11,4.121147867408581e-13,0.0,0.0,0.9999999999999716,6.536993168992922e-12
876,12,1,-0.009611103255199665,0.0,3.3651303965598345e-11,0.0,158.60000000000002,445.34000000000003,4.956746124662459e-11,0.0,100.64189999999996,1.693933882052079e-11,1.3216094885137863e-11,1.1368683772161603e-13,1.0459189070388675e-11,4.121147867408581e-13,0.0,0.0,0.9999999999999716,6.650680006714538e-12
877,1,4,-0.0070479532269893145,0.0,3.410605131648481e-11,22.02000000000001,203.92425464646135,445.34000000000003,4.934008757118136e-11,0.0,112.62119999999999,1.7053025658242404e-11,1.3301360013429075e-11,1.1368683772161603e-13,1.0345502232667059e-11,4.121147867408581e-13,0.0,0.0,0.9999999999999716,6.59383658785373e-12
878,2,3,-0.02171911829073102,0.0,3.410605131648481e-11,0.0,158.60000000000002,445.34000000000003,4.956746124662459e-11,0.0,124.59989999999999,1.716671249596402e-11,1.3358203432289883e-11,1.1368683772161603e-13,1.0459189070388675e-11,4.121147867408581e-13,0.0,0.0,1.0,6.707523425575346e-12
879,3,4,-0.02106519939737154,0.0,3.410605131648481e-11,26.409999999999997,158.60000000000002,445.34000000000003,4.956746124662459e-11,0.0,151.5525,1.7280399333685637e-11,1.3415046851150692e-11,1.1368683772161603e-13,1.0231815394945443e-11,4.121147867408581e-13,0.0,0.0,1.0,6.59383658785373e-12
880,4,4,-0.012459695992630103,0.0,3.433342499192804e-11,30.80000000000001,158.60000000000002,445.34000000000003,5.002220859751105e-11,0.0,181.5,1.7280399333685637e-11,1.3528733688872308e-11,1.1368683772161603e-13,1.0118128557223827e-11,4.121147867408581e-13,0.0,0.0,0.9999999999999716,6.59383658785373e-12
881,5,4,-0.012459695992630103,0.0,3.444711182964966e-11,30.80000000000001,158.60000000000002,445.34000000000003,4.979483492206782e-11,0.0,181.5,1.7280399333685637e-11,1.3557155398302712e-11,1.1368683772161603e-13,1.0231815394945443e-11,4.121147867408581e-13,0.0,0.0,0.9999999999999574,6.59383658785373e-12
882,6,4,-0.012459695992630103,0.0,3.456079866737127e-11,30.799999999999955,158.60000000000002,445.34,4.9681148084346205e-11,0.0,181.5,1.7280399333685637e-11,1.3557155398302712e-11,1.1368683772161603e-13,1.000444171950221e-11,4.121147867408581e-13,0.0,0.0,0.9999999999999432,6.536993168992922e-12
883,7,3,-0.019652550317704676,0.0,3.444711182964966e-11,0.0,158.60000000000002,445.34000000000003,4.9681148084346205e-11,0.0,181.5,1.7280399333685637e-11,1.3557155398302712e-11,5.684341886080802e-14,9.890754881780595e-12,4.121147867408581e-13,0.0,0.0,0.9999999999999432,6.59383658785373e-12
884,8,4,-0.013608338568204504,0.0,3.444711182964966e-11,26.409999999999997,158.60000000000002,445.34000000000003,4.956746124662459e-11,0.0,181.5,1.7280399333685637e-11,1.3557155398302712e-11,5.684341886080802e-14,9.947598300641403e-12,4.121147867408581e-13,0.0,0.0,0.9999999999999218,6.565414878423326e-12
885,9,3,-0.031739820804288915,0.0,3.444711182964966e-11,0.0,158.29237366504242,445.3400000000001,4.96243046654854e-11,0.0,131.68008066935164,1.730882104311604e-11,1.3557155398302712e-11,5.684341886080802e-14,1.0061285138363019e-11,4.121147867408581e-13,0.0,0.0,0.999999999999929,6.565414878423326e-12
886,10,4,-0.014780687320765387,0.0,3.444711182964966e-11,22.02000000000001,158.60000000000002,445.34000000000003,4.990852175978944e-11,0.0,181.5,1.730882104311604e-11,1.3557155398302712e-11,5.684341886080802e-14,1.0118128557223827e-11,4.121147867408581e-13,0.0,0.0,0.999999999999936,6.59383658785373e-12
887,11,1,0.007670935192792866,0.0,3.444711182964966e-11,0.0,191.38668472409017,445.3400000000001,4.990852175978944e-11,0.0,139.57349999999997,1.7337242752546445e-11,1.3557155398302712e-11,5.684341886080802e-14,1.0118128557223827e-11,4.121147867408581e-13,0.0,0.0,0.9999999999999432,6.650680006714538e-12
888,12,1,0.0790728608871002,0.0,3.456079866737127e-11,0.0,226.10422744074356,445.34000000000003,4.979483492206782e-11,0.0,227.10223905201804,1.7337242752546445e-11,1.3642420526593924e-11,1.1368683772161603e-13,1.0118128557223827e-11,4.121147867408581e-13,0.0,0.0,0.9999999999999716,6.650680006714538e-12
889,1,1,0.21328410828615263,155.22664955140954,3.433342499192804e-11,0.0,327.75342579347364,445.34000000000003,5.002220859751105e-11,0.0,375.404,1.7394086171407253e-11,1.3699263945454732e-11,1.1368683772161603e-13,1.0118128557223827e-11,4.121147867408581e-13,0.0,0.0,0.9999999999999716,6.707523425575346e-12
890,2,1,0.25554033912755647,378.88488323512274,3.456079866737127e-11,0.0,394.88031570486385,445.34000000000003,5.002220859751105e-11,0.0,270.49605271900793,1.7394086171407253e-11,1.3699263945454732e-11,1.1368683772161603e-13,1.000444171950221e-11,4.121147867408581e-13,0.0,0.0,0.9999999999999716,6.821210263296962e-12
891,3,1,0.0023111524924109643,0.0,3.501554601825774e-11,0.0,158.60000000000002,445.34000000000003,5.093170329928398e-11,0.0,151.5525,1.750777300912887e-11,1.375610736431554e-11,1.1368683772161603e-13,1.0231815394945443e-11,4.121147867408581e-13,0.0,0.0,0.9999999999999716,6.707523425575346e-12
892,4,4,-0.012459695992630103,0.0,3.4788172342814505e-11,30.80000000000001,158.60000000000002,445.34000000000003,5.1386450650170445e-11,0.0,181.5,1.750777300912887e-11,1.3784529073745944e-11,1.1368683772161603e-13,1.0118128557223827e-11,4.121147867408581e-13,0.0,0.0,0.9999999999999716,6.707523425575346e-12
893,5,4,-0.012459695992630103,0.0,3.4788172342814505e-11,30.80000000000001,158.60000000000002,445.34000000000003,5.1386450650170445e-11,0.0,181.5,1.750777300912887e-11,1.3812950783176348e-11,1.1368683772161603e-13,1.0118128557223827e-11,4.121147867408581e-13,0.0,0.0,0.9999999999999716,6.650680006714538e-12
894,6,4,-0.012459695992630103,0.0,3.467448550509289e-11,30.80000000000001,158.60000000000002,445.34000000000003,5.1386450650170445e-11,0.0,181.5,1.7564616427989677e-11,1.3784529073745944e-11,1.1368683772161603e-13,1.0174971976084635e-11,4.121147867408581e-13,0.0,0.0,0.9999999999999574,6.59383658785373e-12
895,7,3,-0.019652550317704676,0.0,3.467448550509289e-11,0.0,158.60000000000002,445.34000000000003,5.1386450650170445e-11,0.0,181.5,1.7564616427989677e-11,1.3784529073745944e-11,1.1368683772161603e-13,1.0174971976084635e-11,4.121147867408581e-13,0.0,0.0,0.9999999999999716,6.650680006714538e-12
896,8,4,-0.013608338568204504,0.0,3.467448550509289e-11,26.409999999999997,158.60000000000002,445.34000000000003,5.1386450650170445e-11,0.0,181.5,1.7564616427989677e-11,1.3770318219030742e-11,1.1368683772161603e-13,1.0118128557223827e-11,4.121147867408581e-13,0.0,0.0,0.9999999999999716,6.650680006714538e-12
897,9,3,-0.02191902574647373,0.0,3.4788172342814505e-11,0.0,158.60000000000002,445.34000000000003,5.1386450650170445e-11,0.0,173.15208066935162,1.7564616427989677e-11,1.3770318219030742e-11,1.1368683772161603e-13,1.0061285138363019e-11,4.121147867408581e-13,0.0,0.0,0.9999999999999787,6.650680006714538e-12
898,10,4,-0.014780687320765387,0.0,3.4788172342814505e-11,22.02000000000001,158.60000000000002,445.34000000000003,5.1386450650170445e-11,0.0,181.5,1.7564616427989677e-11,1.3770318219030742e-11,1.1368683772161603e-13,1.0118128557223827e-11,4.121147867408581e-13,0.0,0.0,0.9999999999999858,6.650680006714538e-12
899,11,1,0.028047567805870356,0.0,3.4788172342814505e-11,0.0,194.3702080716822,445.34000000000003,5.1386450650170445e-11,0.0,175.46997665240775,1.7564616427989677e-11,1.3784529073745944e-11,5.684341886080802e-14,1.0174971976084635e-11,4.121147867408581e-13,0.0,0.0,0.9999999999999858,6.764366844436154e-12
900,12,1,0.12326270424457964,0.0,3.4788172342814505e-11,0.0,239.80504492191767,445.34,5.1386450650170445e-11,0.0,292.5189548176289,1.7621459846850485e-11,1.3869794202037156e-11,0.0,1.0118128557223827e-11,4.263256414560601e-13,0.0,0.0,1.0,6.821210263296962e-12
901,1,1,0.12790007942940534,111.09273722448052,3.4788172342814505e-11,0.0,291.03323404742173,445.34000000000003,5.1386450650170445e-11,0.0,112.62119999999999,1.77351466845721e-11,1.3926637620897964e-11,0.0,1.000444171950221e-11,4.263256414560601e-13,0.0,0.0,1.0,6.821210263296962e-12
902,2,3,0.21978786158703645,326.06002453262727,3.456079866737127e-11,24.215000000000003,423.2844354491501,445.34000000000003,5.1386450650170445e-11,0.0,124.59989999999999,1.7848833522293717e-11,1.3955059330328368e-11,0.0,1.000444171950221e-11,4.263256414560601e-13,0.0,0.0,1.0000000000000142,6.934897101018578e-12
903,3,2,-0.024234143692455846,0.0,3.501554601825774e-11,13.105900389554932,158.60000000000002,445.34000000000003,5.1386450650170445e-11,0.0,151.5525,1.7962520360015333e-11,1.3983481039758772e-11,0.0,1.000444171950221e-11,4.263256414560601e-13,0.0,0.0,1.0000000000000426,6.821210263296962e-12
904,4,4,-0.012459695992630103,0.0,3.512923285597935e-11,30.80000000000001,158.60000000000002,445.34000000000003,5.150013748789206e-11,0.0,181.5,1.7962520360015333e-11,1.3983481039758772e-11,0.0,1.0118128557223827e-11,4.263256414560601e-13,0.0,0.0,1.0000000000000426,6.821210263296962e-12
905,5,4,-0.012459695992630103,0.0,3.501554601825774e-11,30.80000000000001,158.60000000000002,445.34000000000003,5.161382432561368e-11,0.0,181.5,1.7962520360015333e-11,1.396927018504357e-11,0.0,1.0061285138363019e-11,4.263256414560601e-13,0.0,0.0,1.0000000000000284,6.821210263296962e-12
906,6,4,-0.012459695992630103,0.0,3.501554601825774e-11,30.80000000000001,158.60000000000002,445.34,5.161382432561368e-11,0.0,181.5,1.7990942069445737e-11,1.3940848475613166e-11,0.0,1.0118128557223827e-11,4.263256414560601e-13,0.0,0.0,1.0000000000000213,6.821210263296962e-12
907,7,3,-0.020087329099792228,0.0,3.501554601825774e-11,0.0,158.60000000000002,445.34000000000003,5.161382432561368e-11,0.0,179.62173392244262,1.801936377887614e-11,1.3926637620897964e-11,0.0,1.0118128557223827e-11,4.263256414560601e-13,0.0,0.0,1.0000000000000213,6.87805368215777e-12
908,8,4,-0.01909113905361298,0.0,3.501554601825774e-11,2.8443752336660566,158.60000000000002,445.34000000000003,5.1670667744474486e-11,0.0,181.5,1.801936377887614e-11,1.3912426766182762e-11,0.0,1.014655026665423e-11,4.263256414560601e-13,0.0,0.0,1.0000000000000249,6.87805368215777e-12
909,9,4,-0.015052146871135359,0.0,3.501554601825774e-11,20.86515678081588,158.60000000000002,445.34000000000003,5.161382432561368e-11,0.0,181.5,1.801936377887614e-11,1.3926637620897964e-11,0.0,1.0118128557223827e-11,4.263256414560601e-13,0.0,0.0,1.0000000000000284,6.849631972727366e-12
910,10,4,-0.003930498206694458,0.0,3.501554601825774e-11,22.02000000000001,173.02158396415882,445.34000000000003,5.161382432561368e-11,0.0,181.5,1.801936377887614e-11,1.3926637620897964e-11,0.0,1.0061285138363019e-11,4.263256414560601e-13,0.0,0.0,1.0000000000000213,6.821210263296962e-12
911,11,1,0.06677805259807063,0.0,3.501554601825774e-11,0.0,198.43581188735902,445.34,5.161382432561368e-11,0.0,268.7819766524078,1.801936377887614e-11,1.3955059330328368e-11,0.0,1.0118128557223827e-11,4.263256414560601e-13,0.0,0.0,1.0,6.821210263296962e-12
912,12,1,0.16886654589679861,48.618448120635094,3.501554601825774e-11,0.0,281.37327655272964,445.34,5.184119800105691e-11,0.0,335.47299999999996,1.807620719773695e-11,1.3983481039758772e-11,0.0,1.0118128557223827e-11,4.263256414560601e-13,0.0,0.0,1.0,6.934897101018578e-12
913,1,1,0.26504464873364203,305.5023244853314,3.54702933691442e-11,13.421513461052456,372.37191552562695,445.34,5.2295945351943374e-11,0.0,375.404,1.8189894035458565e-11,1.3983481039758772e-11,0.0,1.000444171950221e-11,4.405364961712621e-13,0.0,0.0,1.0,6.934897101018578e-12
914,2,1,0.18882178429356303,239.22661635115446,3.54702933691442e-11,0.8388638576462029,406.9516313365118,445.34000000000003,5.2295945351943374e-11,0.0,124.59989999999999,1.830358087318018e-11,1.404032445861958e-11,0.0,1.000444171950221e-11,4.405364961712621e-13,0.0,0.0,1.0,7.048583938740194e-12
915,3,3,-0.02106519939737154,0.0,3.54702933691442e-11,26.409999999999997,158.60000000000002,445.34000000000003,5.2295945351943374e-11,0.0,151.5525,1.8417267710901797e-11,1.404032445861958e-11,0.0,1.000444171950221e-11,4.405364961712621e-13,0.0,0.0,1.0000000000000284,6.934897101018578e-12
916,4,4,-0.012459695992630103,0.0,3.54702933691442e-11,30.80000000000001,158.60000000000002,445.34,5.2295945351943374e-11,0.0,181.5,1.8417267710901797e-11,1.404032445861958e-11,0.0,1.000444171950221e-11,4.405364961712621e-13,0.0,0.0,1.0000000000000284,6.991740519879386e-12
917,5,4,-0.012459695992630103,0.0,3.5356606531422585e-11,30.80000000000001,158.60000000000002,445.34000000000003,5.240963218966499e-11,0.0,181.5,1.8388846001471393e-11,1.404032445861958e-11,0.0,1.0061285138363019e-11,4.405364961712621e-13,0.0,0.0,1.0000000000000284,6.991740519879386e-12
918,6,4,-0.012459695992630103,0.0,3.5356606531422585e-11,30.80000000000001,158.60000000000002,445.34000000000003,5.240963218966499e-11,0.0,181.5,1.8388846001471393e-11,1.4011902749189176e-11,0.0,1.0118128557223827e-11,4.405364961712621e-13,0.0,0.0,1.0000000000000213,7.02016222930979e-12
919,7,3,-0.019652550317704676,0.0,3.54702933691442e-11,0.0,158.60000000000002,445.34000000000003,5.2295945351943374e-11,0.0,181.5,1.836042429204099e-11,1.3997691894473974e-11,0.0,1.0118128557223827e-11,4.405364961712621e-13,0.0,0.0,1.0000000000000142,7.048583938740194e-12
920,8,4,-0.019714298123899906,0.0,3.54702933691442e-11,0.16597523366601763,158.60000000000002,445.34000000000003,5.2295945351943374e-11,0.0,181.5,1.8388846001471393e-11,1.3983481039758772e-11,0.0,1.0118128557223827e-11,4.405364961712621e-13,0.0,0.0,1.0000000000000213,7.048583938740194e-12
921,9,4,-0.032899436089229794,0.0,3.5413449950283393e-11,0.0,153.10837366504245,445.34000000000003,5.235278877080418e-11,0.0,131.93084532415622,1.8388846001471393e-11,1.3983481039758772e-11,0.0,1.0118128557223827e-11,4.405364961712621e-13,0.0,0.0,1.0000000000000213,7.048583938740194e-12
922,10,4,-0.017961225918647603,0.0,3.5356606531422585e-11,22.02000000000001,158.60000000000002,445.34000000000003,5.2295945351943374e-11,0.0,167.9693526968892,1.8388846001471393e-11,1.3983481039758772e-11,0.0,1.014655026665423e-11,4.405364961712621e-13,0.0,0.0,1.0000000000000213,7.048583938740194e-12
923,11,1,0.04637063638315219,0.0,3.5356606531422585e-11,0.0,199.55420807168218,445.34000000000003,5.2295945351943374e-11,0.0,244.8708518343194,1.8417267710901797e-11,1.3983481039758772e-11,0.0,1.0174971976084635e-11,4.405364961712621e-13,0.0,0.0,1.0000000000000142,7.048583938740194e-12
924,12,1,0.06337649708113673,0.0,3.524291969370097e-11,0.0,234.28185459431074,445.34000000000003,5.240963218966499e-11,0.0,129.00419688313377,1.836042429204099e-11,1.3983481039758772e-11,0.0,1.0118128557223827e-11,4.405364961712621e-13,0.0,0.0,1.0,7.105427357601002e-12
925,1,1,0.051202018798508005,0.0,3.54702933691442e-11,0.0,158.60000000000002,445.34,5.2523319027386606e-11,0.0,112.62119999999999,1.8417267710901797e-11,1.404032445861958e-11,0.0,1.0118128557223827e-11,4.405364961712621e-13,0.0,0.0,1.0,7.16227077646181e-12
926,2,4,0.14666042255060655,199.2497108285561,3.54702933691442e-11,24.214999999999975,248.1772916884962,445.34000000000003,5.275069270282984e-11,0.0,127.68332100881798,1.8530954548623413e-11,1.4154011296341196e-11,0.0,1.000444171950221e-11,4.263256414560601e-13,0.0,0.0,1.0000000000000284,7.275957614183426e-12
927,3,3,0.011789105158761774,0.0,3.5925040720030665e-11,26.409999999999997,158.60000000000002,445.34,5.3660187404602766e-11,0.0,151.5525,1.864464138634503e-11,1.4210854715202004e-11,0.0,1.0231815394945443e-11,4.263256414560601e-13,0.0,0.0,1.0000000000000284,7.16227077646181e-12
928,4,4,-0.012459695992630103,0.0,3.637978807091713e-11,30.80000000000001,158.60000000000002,445.34000000000003,5.411493475548923e-11,0.0,181.5,1.864464138634503e-11,1.4267698134062812e-11,0.0,1.0231815394945443e-11,4.405364961712621e-13,0.0,0.0,1.0000000000000284,7.275957614183426e-12
929,5,4,-0.012459695992630103,0.0,3.6493474908638746e-11,30.80000000000001,158.60000000000002,445.34,5.434230843093246e-11,0.0,181.5,1.8701484805205837e-11,1.4239276424632408e-11,0.0,1.0231815394945443e-11,4.405364961712621e-13,0.0,0.0,1.0000000000000284,7.275957614183426e-12
930,6,4,-0.012459695992630103,0.0,3.6493474908638746e-11,30.799999999999955,158.60000000000002,445.34000000000003,5.445599526865408e-11,0.0,181.5,1.8701484805205837e-11,1.4239276424632408e-11,0.0,1.0231815394945443e-11,4.405364961712621e-13,0.0,0.0,1.0000000000000142,7.219114195322618e-12
931,7,3,-0.019652550317704676,0.0,3.6493474908638746e-11,0.0,158.60000000000002,445.34000000000003,5.4569682106375694e-11,0.0,181.5,1.8701484805205837e-11,1.4267698134062812e-11,0.0,1.0231815394945443e-11,4.405364961712621e-13,0.0,0.0,1.000000000000007,7.219114195322618e-12
932,8,4,-0.013608338568204504,0.0,3.637978807091713e-11,26.409999999999997,158.60000000000002,445.34000000000003,5.445599526865408e-11,0.0,181.5,1.8701484805205837e-11,1.425348727934761e-11,0.0,1.0231815394945443e-11,4.405364961712621e-13,0.0,0.0,1.0,7.219114195322618e-12
933,9,3,-0.024965426949990155,0.0,3.637978807091713e-11,0.0,158.60000000000002,445.34000000000003,5.4569682106375694e-11,0.0,160.1920806693517,1.8673063095775433e-11,1.425348727934761e-11,0.0,1.0174971976084635e-11,4.405364961712621e-13,0.0,0.0,1.000000000000007,7.190692485892214e-12
934,10,4,-0.01258304391639866,0.0,3.637978807091713e-11,22.02000000000001,167.9492145708566,445.34000000000003,5.468336894409731e-11,0.0,181.5,1.8701484805205837e-11,1.4239276424632408e-11,0.0,1.0118128557223827e-11,4.405364961712621e-13,0.0,0.0,1.0000000000000213,7.219114195322618e-12
935,11,1,0.09657033662706326,0.0,3.6493474908638746e-11,0.0,214.09522208294482,445.34000000000003,5.434230843093246e-11,0.0,395.78997665240786,1.8701484805205837e-11,1.4296119843493216e-11,0.0,1.0118128557223827e-11,4.405364961712621e-13,0.0,0.0,1.0000000000000142,7.275957614183426e-12
936,12,1,0.15031289229450426,0.0,3.637978807091713e-11,0.0,256.87598750609015,445.34,5.4569682106375694e-11,0.0,335.47300000000007,1.8701484805205837e-11,1.432454155292362e-11,0.0,1.0231815394945443e-11,4.405364961712621e-13,0.0,0.0,1.0,7.389644451905042e-12
937,1,1,0.24352826665329647,262.18131023762226,3.5925040720030665e-11,8.064713461052435,334.4548123872489,445.34,5.502442945726216e-11,0.0,375.4040000000001,1.8701484805205837e-11,1.4381384971784428e-11,0.0,1.0231815394945443e-11,4.405364961712621e-13,0.0,0.0,1.0,7.389644451905042e-12
938,2,1,0.3759532685703404,583.6158947883278,3.54702933691442e-11,55.61297897401022,481.76476704479273,445.34000000000003,5.547917680814862e-11,0.0,415.3330000000001,1.8701484805205837e-11,1.4381384971784428e-11,0.0,1.0459189070388675e-11,4.405364961712621e-13,0.0,0.0,1.0000000000000284,7.503331289626658e-12
939,3,1,0.18714485229428715,211.22305476579822,3.5925040720030665e-11,26.409999999999997,396.5,445.34,5.5933924159035087e-11,0.0,151.5525,1.8758328224066645e-11,1.4438228390645236e-11,0.0,1.0686562745831907e-11,4.547473508864641e-13,0.0,0.0,1.0000000000000284,7.389644451905042e-12
940,4,3,-0.012459695992630103,0.0,3.637978807091713e-11,30.80000000000001,158.60000000000002,445.34000000000003,5.5933924159035087e-11,0.0,181.5,1.8758328224066645e-11,1.4495071809506044e-11,0.0,1.0459189070388675e-11,4.547473508864641e-13,0.0,0.0,1.0000000000000284,7.617018127348274e-12
941,5,4,-0.012459695992630103,0.0,3.637978807091713e-11,30.80000000000001,158.60000000000002,445.34000000000003,5.60476109967567e-11,0.0,181.5,1.8758328224066645e-11,1.446665010007564e-11,0.0,1.0459189070388675e-11,4.547473508864641e-13,0.0,0.0,1.0000000000000284,7.617018127348274e-12
942,6,4,-0.012459695992630103,0.0,3.637978807091713e-11,30.799999999999955,158.60000000000002,445.34000000000003,5.5933924159035087e-11,0.0,181.5,1.8758328224066645e-11,1.446665010007564e-11,0.0,1.0516032489249483e-11,4.547473508864641e-13,0.0,0.0,1.0000000000000284,7.617018127348274e-12
943,7,3,-0.019652550317704676,0.0,3.637978807091713e-11,0.0,158.60000000000002,445.34000000000003,5.60476109967567e-11,0.0,181.5,1.8758328224066645e-11,1.4495071809506044e-11,0.0,1.0686562745831907e-11,4.547473508864641e-13,0.0,0.0,1.0000000000000142,7.673861546209082e-12
944,8,4,-0.013608338568204504,0.0,3.6266101233195513e-11,26.409999999999997,158.60000000000002,445.34000000000003,5.60476109967567e-11,0.0,181.5,1.8758328224066645e-11,1.446665010007564e-11,0.0,1.0686562745831907e-11,4.547473508864641e-13,0.0,0.0,1.0000000000000284,7.73070496506989e-12
945,9,3,-0.0002976965796073433,0.0,3.61524143954739e-11,0.0,158.60000000000002,445.34000000000003,5.5933924159035087e-11,0.0,181.5,1.8758328224066645e-11,1.446665010007564e-11,0.0,1.0743406164692715e-11,4.547473508864641e-13,0.0,0.0,1.0000000000000213,7.73070496506989e-12
946,10,4,0.08825886680739697,0.0,3.603872755775228e-11,22.02000000000001,202.48398396415882,445.34,5.616129783447832e-11,0.0,318.1313604552179,1.8758328224066645e-11,1.4438228390645236e-11,0.0,1.0743406164692715e-11,4.689582056016661e-13,0.0,0.0,1.0000000000000284,7.73070496506989e-12
947,11,1,0.17533122032106435,4.974046280413404,3.61524143954739e-11,0.0,243.47457594139348,445.34000000000003,5.616129783447832e-11,0.0,465.245,1.8758328224066645e-11,1.4495071809506044e-11,0.0,1.0800249583553523e-11,4.689582056016661e-13,0.0,0.0,1.0000000000000142,7.73070496506989e-12
948,12,1,0.3202802691601796,495.7136141849337,3.637978807091713e-11,13.43233623949456,417.5328867147399,445.34,5.638867150992155e-11,0.0,335.47299999999996,1.887201506178826e-11,1.4495071809506044e-11,0.0,1.0913936421275139e-11,4.547473508864641e-13,0.0,0.0,1.0,7.844391802791506e-12
949,1,1,0.5485738897091403,1173.6310644489677,3.5925040720030665e-11,56.33044948993685,602.4271568800609,445.34,5.6843418860808015e-11,0.0,375.404,1.8815171642927453e-11,1.4495071809506044e-11,0.0,1.0686562745831907e-11,4.547473508864641e-13,0.0,0.0,0.9999999999999716,7.844391802791506e-12
950,2,1,0.53013099998502,1353.5697766259796,3.61524143954739e-11,53.80164258580538,634.4000000000001,445.34000000000003,5.707079253625125e-11,0.0,124.59989999999999,1.887201506178826e-11,1.4495071809506044e-11,0.0,1.0686562745831907e-11,4.547473508864641e-13,0.0,0.0,0.9999999999999858,7.958078640513122e-12
951,3,2,0.4092663408659664,1054.4,3.637978807091713e-11,105.64000000000001,406.6201471990646,445.34,5.729816621169448e-11,0.0,151.5525,1.887201506178826e-11,1.4495071809506044e-11,0.0,1.0913936421275139e-11,4.547473508864641e-13,0.0,0.0,1.0,7.844391802791506e-12
952,4,3,0.2896715679480175,648.9539480302919,3.637978807091713e-11,30.80000000000001,396.5,445.34000000000003,5.729816621169448e-11,0.0,181.5,1.887201506178826e-11,1.4523493518936448e-11,0.0,1.0913936421275139e-11,4.547473508864641e-13,0.0,0.0,1.0,7.958078640513122e-12
953,5,3,0.12864540633910318,131.80000000000018,3.660716174636036e-11,30.80000000000001,214.47835432438615,445.34000000000003,5.729816621169448e-11,0.0,181.5,1.887201506178826e-11,1.4523493518936448e-11,0.0,1.0686562745831907e-11,4.547473508864641e-13,0.0,0.0,1.0,8.071765478234738e-12
954,6,3,0.03559180224395033,0.0,3.672084858408198e-11,30.799999999999955,158.60000000000002,445.34000000000003,5.707079253625125e-11,0.0,181.5,1.887201506178826e-11,1.4523493518936448e-11,0.0,1.0686562745831907e-11,4.547473508864641e-13,0.0,0.0,0.9999999999999929,8.071765478234738e-12
955,7,3,0.01185435037835586,0.0,3.6493474908638746e-11,0.0,158.60000000000002,445.34000000000003,5.707079253625125e-11,0.0,181.5,1.887201506178826e-11,1.4523493518936448e-11,0.0,1.0686562745831907e-11,4.547473508864641e-13,0.0,0.0,1.0,8.071765478234738e-12
956,8,4,-0.013608338568204504,0.0,3.6493474908638746e-11,26.409999999999997,158.60000000000002,445.34000000000003,5.707079253625125e-11,0.0,181.5,1.887201506178826e-11,1.4509282664221246e-11,0.0,1.0686562745831907e-11,4.547473508864641e-13,0.0,0.0,1.0,8.071765478234738e-12
957,9,3,-0.02679326767210014,0.0,3.6493474908638746e-11,0.0,158.60000000000002,445.34000000000003,5.707079253625125e-11,0.0,152.41608066935163,1.887201506178826e-11,1.4523493518936448e-11,0.0,1.057287590811029e-11,4.547473508864641e-13,0.0,0.0,1.000000000000007,8.043343768804334e-12
958,10,4,-0.014780687320765387,0.0,3.637978807091713e-11,22.02000000000001,158.60000000000002,445.34000000000003,5.707079253625125e-11,0.0,181.5,1.887201506178826e-11,1.4523493518936448e-11,0.0,1.057287590811029e-11,4.547473508864641e-13,0.0,0.0,1.0000000000000213,8.100187187665142e-12
959,11,1,0.00958124450026874,0.0,3.637978807091713e-11,0.0,178.8182080716822,445.34000000000003,5.707079253625125e-11,0.0,144.3659766524077,1.887201506178826e-11,1.4551915228366852e-11,0.0,1.057287590811029e-11,4.547473508864641e-13,0.0,0.0,1.0,8.071765478234738e-12
960,12,1,0.1467873298749408,0.0,3.637978807091713e-11,0.0,242.9825463132603,445.34,5.729816621169448e-11,0.0,335.47300000000007,1.887201506178826e-11,1.460875864722766e-11,0.0,1.0459189070388675e-11,4.689582056016661e-13,0.0,0.0,1.0000000000000284,8.185452315956354e-12
961,1,1,0.2993022745834504,342.5333102376221,3.6834535421803594e-11,37.52711346105244,449.108707798978,445.34,5.775291356258094e-11,0.0,375.404,1.8985701899509877e-11,1.4665602066088468e-11,0.0,1.0231815394945443e-11,4.831690603168681e-13,0.0,0.0,1.0000000000000284,8.071765478234738e-12
962,2,1,0.20909115127024117,309.1325351162691,3.660716174636036e-11,24.215000000000003,396.5,445.34000000000003,5.7980287238024175e-11,0.0,124.59989999999999,1.8985701899509877e-11,1.4637180356658064e-11,0.0,1.0231815394945443e-11,4.831690603168681e-13,0.0,0.0,1.0000000000000284,8.185452315956354e-12
963,3,3,0.14592128909086877,131.80000000000018,3.6834535421803594e-11,26.409999999999997,302.85519995796676,445.34,5.775291356258094e-11,0.0,151.5525,1.9099388737231493e-11,1.4665602066088468e-11,0.0,1.0459189070388675e-11,4.973799150320701e-13,0.0,0.0,1.0000000000000284,8.071765478234738e-12
964,4,3,0.020422628479766475,0.0,3.6834535421803594e-11,30.80000000000001,158.60000000000002,445.34000000000003,5.775291356258094e-11,0.0,181.5,1.9099388737231493e-11,1.4694023775518872e-11,0.0,1.0459189070388675e-11,4.973799150320701e-13,0.0,0.0,1.0000000000000142,8.071765478234738e-12
965,5,4,-0.012459695992630103,0.0,3.7061909097246826e-11,30.80000000000001,158.60000000000002,445.34000000000003,5.775291356258094e-11,0.0,181.5,1.9099388737231493e-11,1.4694023775518872e-11,0.0,1.0345502232667059e-11,4.973799150320701e-13,0.0,0.0,1.0000000000000142,8.185452315956354e-12
966,6,4,-0.012459695992630103,0.0,3.694822225952521e-11,30.799999999999955,158.60000000000002,445.34000000000003,5.763922672485933e-11,0.0,181.5,1.9099388737231493e-11,1.4694023775518872e-11,0.0,1.0345502232667059e-11,4.973799150320701e-13,0.0,0.0,1.0000000000000142,8.242295734817162e-12
967,7,3,-0.019652550317704676,0.0,3.6834535421803594e-11,0.0,158.60000000000002,445.34000000000003,5.752553988713771e-11,0.0,181.5,1.9099388737231493e-11,1.4665602066088468e-11,0.0,1.0345502232667059e-11,4.973799150320701e-13,0.0,0.0,1.000000000000007,8.242295734817162e-12
968,8,4,-0.013608338568204504,0.0,3.6834535421803594e-11,26.409999999999997,158.60000000000002,445.34000000000003,5.752553988713771e-11,0.0,181.5,1.9099388737231493e-11,1.4651391211373266e-11,0.0,1.0345502232667059e-11,4.973799150320701e-13,0.0,0.0,1.0,8.185452315956354e-12
969,9,3,-0.03044894911632,0.0,3.6834535421803594e-11,0.0,158.60000000000002,445.3400000000001,5.7411853049416095e-11,0.0,136.8640806693516,1.907096702780109e-11,1.4665602066088468e-11,0.0,1.0402345651527867e-11,4.973799150320701e-13,0.0,0.0,1.0,8.213874025386758e-12
970,10,4,-0.014780687320765387,0.0,3.6834535421803594e-11,22.02000000000001,158.60000000000002,445.34000000000003,5.752553988713771e-11,0.0,181.5,1.907096702780109e-11,1.4665602066088468e-11,0.0,1.0402345651527867e-11,4.973799150320701e-13,0.0,0.0,1.0000000000000142,8.213874025386758e-12
971,11,1,-0.004427690421222088,0.0,3.6834535421803594e-11,0.0,158.60000000000002,445.34,5.752553988713771e-11,0.0,139.57349999999997,1.9099388737231493e-11,1.4665602066088468e-11,0.0,1.0459189070388675e-11,4.973799150320701e-13,0.0,0.0,1.0000000000000213,8.185452315956354e-12
972,12,1,0.05500440820986523,0.0,3.7061909097246826e-11,0.0,195.95508810752335,445.34000000000003,5.7980287238024175e-11,0.0,136.0366390520179,1.9099388737231493e-11,1.4722445484949276e-11,0.0,1.0345502232667059e-11,4.973799150320701e-13,0.0,0.0,1.0000000000000284,8.29913915367797e-12
973,1,1,0.19606249419367336,149.48528161020613,3.728928277269006e-11,2.707913461052442,308.2830335485987,445.34,5.820766091346741e-11,0.0,328.59766976197716,1.9099388737231493e-11,1.4779288903810084e-11,0.0,1.0345502232667059e-11,4.973799150320701e-13,0.0,0.0,1.0000000000000284,8.29913915367797e-12
974,2,1,0.0730138231583937,15.169847101782125,3.728928277269006e-11,0.0,158.60000000000002,445.34000000000003,5.866240826435387e-11,0.0,124.59989999999999,1.921307557495311e-11,1.4779288903810084e-11,0.0,1.0231815394945443e-11,4.973799150320701e-13,0.0,0.0,1.0000000000000284,8.412825991399586e-12
975,3,4,-0.02106519939737154,0.0,3.728928277269006e-11,26.409999999999997,158.60000000000002,445.34000000000003,5.866240826435387e-11,0.0,151.5525,1.9326762412674725e-11,1.4779288903810084e-11,0.0,1.0459189070388675e-11,4.973799150320701e-13,0.0,0.0,1.0000000000000284,8.29913915367797e-12
976,4,4,-0.012459695992630103,0.0,3.728928277269006e-11,30.80000000000001,158.60000000000002,445.34000000000003,5.877609510207549e-11,0.0,181.5,1.9326762412674725e-11,1.475086719437968e-11,0.0,1.0345502232667059e-11,4.973799150320701e-13,0.0,0.0,1.0000000000000284,8.29913915367797e-12
977,5,4,-0.012459695992630103,0.0,3.728928277269006e-11,30.80000000000001,158.60000000000002,445.34000000000003,5.866240826435387e-11,0.0,181.5,1.9326762412674725e-11,1.475086719437968e-11,0.0,1.0345502232667059e-11,4.973799150320701e-13,0.0,0.0,1.0000000000000284,8.355982572538778e-12
978,6,4,-0.012459695992630103,0.0,3.7402969610411674e-11,30.80000000000001,158.60000000000002,445.34000000000003,5.854872142663226e-11,0.0,181.5,1.9326762412674725e-11,1.475086719437968e-11,0.0,1.0345502232667059e-11,4.973799150320701e-13,0.0,0.0,1.0000000000000142,8.412825991399586e-12
979,7,3,-0.019652550317704676,0.0,3.728928277269006e-11,0.0,158.60000000000002,445.34000000000003,5.854872142663226e-11,0.0,181.5,1.9326762412674725e-11,1.4736656339664478e-11,0.0,1.0231815394945443e-11,4.973799150320701e-13,0.0,0.0,1.000000000000007,8.412825991399586e-12
980,8,4,-0.014729025561604919,0.0,3.7346126191550866e-11,21.593175233666074,158.60000000000002,442.66366400000004,5.843503458891064e-11,0.0,181.5,1.9326762412674725e-11,1.4722445484949276e-11,0.0,1.0231815394945443e-11,4.973799150320701e-13,0.0,0.0,1.0,8.412825991399586e-12
981,9,4,-0.01751194464680855,0.0,3.728928277269006e-11,18.851725066738425,158.60000000000002,443.101904,5.849187800777145e-11,0.0,173.04896001680862,1.9326762412674725e-11,1.4736656339664478e-11,0.0,1.0231815394945443e-11,4.973799150320701e-13,0.0,0.0,1.000000000000007,8.412825991399586e-12
982,10,4,-0.014780687320765387,0.0,3.723243935382925e-11,22.02000000000001,158.60000000000002,444.507536,5.843503458891064e-11,0.0,181.5,1.929834070324432e-11,1.4736656339664478e-11,0.0,1.028865881380625e-11,4.973799150320701e-13,0.0,0.0,1.000000000000007,8.412825991399586e-12
983,11,1,-0.02544109280345839,0.0,3.717559593496844e-11,0.0,158.60000000000002,445.34000000000003,5.843503458891064e-11,0.0,139.57349999999997,1.9326762412674725e-11,1.475086719437968e-11,0.0,1.0345502232667059e-11,4.973799150320701e-13,0.0,0.0,1.0,8.412825991399586e-12
984,12,1,0.017631333328005098,0.0,3.717559593496844e-11,0.0,164.38982715954137,445.34000000000003,5.843503458891064e-11,0.0,100.64189999999996,1.9269918993813917e-11,1.475086719437968e-11,0.0,1.0345502232667059e-11,4.973799150320701e-13,0.0,0.0,0.9999999999999858,8.469669410260394e-12
985,1,4,0.21446460694609323,202.98550924263827,3.728928277269006e-11,24.13511346105244,260.61049226998387,445.34,5.911715561524034e-11,0.0,375.404,1.9326762412674725e-11,1.4779288903810084e-11,0.0,1.0231815394945443e-11,5.115907697472721e-13,0.0,0.0,1.0000000000000284,8.412825991399586e-12
986,2,1,0.2622219191003085,486.8041428146403,3.728928277269006e-11,36.61575769573841,335.215099078031,445.34000000000003,5.95719029661268e-11,0.0,212.93041504237647,1.944044925039634e-11,1.4836132322670892e-11,0.0,1.0231815394945443e-11,5.115907697472721e-13,0.0,0.0,1.0000000000000284,8.526512829121202e-12
987,3,1,0.06685826218507077,0.0,3.728928277269006e-11,26.409999999999997,158.60000000000002,445.34,5.95719029661268e-11,0.0,151.55249999999978,1.9554136088117957e-11,1.48929757415317e-11,0.0,1.0459189070388675e-11,5.115907697472721e-13,0.0,0.0,1.0000000000000284,8.412825991399586e-12
988,4,4,-0.012459695992630103,0.0,3.751665644813329e-11,30.80000000000001,158.60000000000002,445.34000000000003,5.95719029661268e-11,0.0,181.5,1.9554136088117957e-11,1.4921397450962104e-11,0.0,1.0459189070388675e-11,5.115907697472721e-13,0.0,0.0,1.0000000000000284,8.412825991399586e-12
989,5,4,-0.012459695992630103,0.0,3.751665644813329e-11,30.80000000000001,158.60000000000002,445.34000000000003,5.95719029661268e-11,0.0,181.5,1.9554136088117957e-11,1.4921397450962104e-11,0.0,1.0459189070388675e-11,5.115907697472721e-13,0.0,0.0,1.0000000000000284,8.412825991399586e-12
990,6,4,-0.012459695992630103,0.0,3.7630343285854906e-11,30.799999999999955,158.60000000000002,445.34000000000003,5.968558980384842e-11,0.0,181.5,1.9554136088117957e-11,1.4921397450962104e-11,0.0,1.0459189070388675e-11,5.115907697472721e-13,0.0,0.0,1.0000000000000284,8.412825991399586e-12
991,7,3,-0.019652550317704676,0.0,3.751665644813329e-11,0.0,158.60000000000002,445.34000000000003,5.968558980384842e-11,0.0,181.5,1.9554136088117957e-11,1.4921397450962104e-11,0.0,1.0459189070388675e-11,5.115907697472721e-13,0.0,0.0,1.0000000000000213,8.412825991399586e-12
992,8,4,-0.015352184631891738,0.0,3.751665644813329e-11,18.91477523366609,158.60000000000002,445.34000000000003,5.968558980384842e-11,0.0,181.5,1.9554136088117957e-11,1.4878764886816498e-11,0.0,1.0402345651527867e-11,5.115907697472721e-13,0.0,0.0,1.0000000000000213,8.412825991399586e-12
993,9,4,-0.014780687320765387,0.0,3.745981302927248e-11,22.019999999999982,158.60000000000002,445.34000000000003,5.968558980384842e-11,0.0,181.5,1.9554136088117957e-11,1.48929757415317e-11,0.0,1.0402345651527867e-11,5.115907697472721e-13,0.0,0.0,1.0000000000000213,8.412825991399586e-12
994,10,4,-0.014780687320765387,0.0,3.7402969610411674e-11,22.02000000000001,158.60000000000002,445.34000000000003,5.968558980384842e-11,0.0,181.5,1.9554136088117957e-11,1.4907186596246902e-11,0.0,1.028865881380625e-11,5.115907697472721e-13,0.0,0.0,1.0000000000000213,8.355982572538778e-12
995,11,1,0.014675402653538224,0.0,3.7402969610411674e-11,0.0,186.59420807168226,445.34,5.968558980384842e-11,0.0,157.3259766524078,1.9554136088117957e-11,1.4921397450962104e-11,0.0,1.0345502232667059e-11,5.115907697472721e-13,0.0,0.0,1.0000000000000142,8.355982572538778e-12
996,12,1,0.0971948031291955,0.0,3.751665644813329e-11,0.0,213.27060880338502,445.34000000000003,5.979927664157003e-11,0.0,220.77800018600595,1.9554136088117957e-11,1.4949819160392508e-11,0.0,1.0345502232667059e-11,5.115907697472721e-13,0.0,0.0,1.0000000000000284,8.355982572538778e-12
997,1,1,0.0231426114926637,0.0,3.7630343285854906e-11,0.0,158.60000000000002,445.34000000000003,5.979927664157003e-11,0.0,112.62119999999999,1.9554136088117957e-11,1.4949819160392508e-11,0.0,1.0345502232667059e-11,5.115907697472721e-13,0.0,0.0,1.0000000000000284,8.29913915367797e-12
998,2,4,-0.028774156163135937,0.0,3.75734998669941e-11,24.215000000000003,158.60000000000002,445.34000000000003,5.991296347929165e-11,0.0,124.59989999999988,1.9554136088117957e-11,1.4949819160392508e-11,0.0,1.0345502232667059e-11,5.115907697472721e-13,0.0,0.0,1.0000000000000213,8.29913915367797e-12
999,3,4,-0.02106519939737154,0.0,3.751665644813329e-11,26.40999999999994,158.60000000000002,445.34000000000003,5.991296347929165e-11,0.0,151.5525,1.9554136088117957e-11,1.4921397450962104e-11,0.0,1.0402345651527867e-11,5.115907697472721e-13,0.0,0.0,1.0000000000000213,8.29913915367797e-12
1000,4,4,-0.012459695992630103,0.0,3.751665644813329e-11,30.80000000000001,158.60000000000002,445.34000000000003,5.991296347929165e-11,0.0,181.5,1.9554136088117957e-11,1.4921397450962104e-11,0.0,1.0402345651527867e-11,5.115907697472721e-13,0.0,0.0,1.0000000000000142,8.29913915367797e-12
1001,5,4,-0.012459695992630103,0.0,3.745981302927248e-11,30.799999999999983,158.60000000000002,445.34000000000003,5.991296347929165e-11,0.0,181.5,1.958255779754836e-11,1.4921397450962104e-11,0.0,1.0345502232667059e-11,5.115907697472721e-13,0.0,0.0,1.0000000000000142,8.29913915367797e-12
1002,6,4,-0.017020699230973595,0.0,3.745981302927248e-11,30.08159087149403,158.60000000000002,445.34000000000003,5.991296347929165e-11,0.0,162.4145330676185,1.958255779754836e-11,1.4921397450962104e-11,0.0,1.0345502232667059e-11,5.115907697472721e-13,0.0,0.0,1.0000000000000213,8.355982572538778e-12
1003,7,3,-0.040401529506376425,0.0,3.745981302927248e-11,0.0,157.54767686282923,445.34000000000003,5.991296347929165e-11,0.0,92.91569559314934,1.958255779754836e-11,1.4921397450962104e-11,0.0,1.0345502232667059e-11,5.115907697472721e-13,0.0,0.0,1.0000000000000213,8.355982572538778e-12
1004,8,4,-0.053126712651018745,0.0,3.745981302927248e-11,0.0,151.06100035646864,445.34000000000003,5.991296347929165e-11,0.0,45.595075998187724,1.9610979506978765e-11,1.4935608305677306e-11,0.0,1.0345502232667059e-11,5.115907697472721e-13,0.0,0.0,1.0000000000000213,8.355982572538778e-12
1005,9,4,-0.06507102338587142,0.0,3.745981302927248e-11,0.0,148.17485231182604,445.3400000000001,5.991296347929165e-11,0.0,0.0,1.9610979506978765e-11,1.4935608305677306e-11,0.0,1.0345502232667059e-11,5.115907697472721e-13,0.0,0.0,1.0000000000000249,8.355982572538778e-12
1006,10,4,-0.06797592949080485,0.0,3.745981302927248e-11,0.0,135.81680076021814,444.0672320000001,5.996980689815246e-11,0.0,0.0,1.9610979506978765e-11,1.4942713733034907e-11,0.0,1.0373923942097463e-11,5.115907697472721e-13,0.0,0.0,1.0000000000000249,8.384404281969182e-12
1007,11,4,-0.0690531711353683,0.0,3.745981302927248e-11,3.4520716313090247,140.46388786947318,445.34000000000003,5.996980689815246e-11,0.0,0.0,1.9610979506978765e-11,1.4935608305677306e-11,0.0,1.0345502232667059e-11,5.115907697472721e-13,0.0,0.0,1.0000000000000213,8.384404281969182e-12
1008,12,4,-0.04968442434017937,0.0,3.745981302927248e-11,17.629999999999995,153.69056481646123,445.34000000000003,6.008349373587407e-11,0.0,57.884397223217036,1.9554136088117957e-11,1.4935608305677306e-11,0.0,1.028865881380625e-11,5.115907697472721e-13,0.0,0.0,1.0000000000000213,8.355982572538778e-12
1009,1,4,-0.039610025833846034,0.0,3.751665644813329e-11,22.02000000000001,153.47623313258543,445.34000000000003,6.008349373587407e-11,0.0,90.08909845641466,1.9554136088117957e-11,1.4935608305677306e-11,0.0,1.028865881380625e-11,5.115907697472721e-13,0.0,0.0,1.0000000000000213,8.327560863108374e-12
1010,2,4,-0.028774156163135937,0.0,3.751665644813329e-11,24.215000000000003,158.60000000000002,445.34000000000003,6.002665031701326e-11,0.0,124.59989999999993,1.9554136088117957e-11,1.4949819160392508e-11,0.0,1.0118128557223827e-11,5.115907697472721e-13,0.0,0.0,1.0000000000000284,8.29913915367797e-12
1011,3,4,-0.02106519939737154,0.0,3.7402969610411674e-11,26.409999999999997,158.60000000000002,445.34000000000003,6.002665031701326e-11,0.0,151.5525,1.949729266925715e-11,1.4949819160392508e-11,0.0,1.0118128557223827e-11,5.115907697472721e-13,0.0,0.0,1.0000000000000284,8.29913915367797e-12
1012,4,4,-0.012459695992630103,0.0,3.7402969610411674e-11,30.80000000000001,158.60000000000002,445.34000000000003,6.014033715473488e-11,0.0,181.5,1.949729266925715e-11,1.4949819160392508e-11,0.0,1.0118128557223827e-11,5.115907697472721e-13,0.0,0.0,1.0000000000000213,8.29913915367797e-12
1013,5,4,-0.012459695992630103,0.0,3.7402969610411674e-11,30.799999999999983,158.60000000000002,445.34000000000003,6.014033715473488e-11,0.0,181.5,1.9468870959826745e-11,1.4949819160392508e-11,0.0,1.0118128557223827e-11,5.115907697472721e-13,0.0,0.0,1.0000000000000213,8.327560863108374e-12
1014,6,4,-0.012459695992630103,0.0,3.7346126191550866e-11,30.80000000000001,158.60000000000002,445.34000000000003,6.014033715473488e-11,0.0,181.5,1.9468870959826745e-11,1.495692458775011e-11,0.0,1.0118128557223827e-11,5.115907697472721e-13,0.0,0.0,1.0000000000000213,8.327560863108374e-12
1015,7,3,-0.03496715687956325,0.0,3.7346126191550866e-11,0.0,158.60000000000002,445.34000000000003,6.014033715473488e-11,0.0,115.34013392244259,1.9468870959826745e-11,1.4949819160392508e-11,0.0,1.0174971976084635e-11,5.115907697472721e-13,0.0,0.0,1.0000000000000249,8.327560863108374e-12
1016,8,4,-0.05827637598390284,0.0,3.731770448212046e-11,0.0,152.11052486282915,439.98526400000003,6.014033715473488e-11,0.0,22.41178352075832,1.9468870959826745e-11,1.4949819160392508e-11,0.0,1.0203393685515039e-11,5.115907697472721e-13,0.0,0.0,1.0000000000000249,8.355982572538778e-12
1017,9,4,-0.05227574179392773,0.0,3.7346126191550866e-11,15.432498619841112,158.60000000000002,443.0155040000001,6.014033715473488e-11,0.0,28.576040640431415,1.9468870959826745e-11,1.4949819160392508e-11,0.0,1.0174971976084635e-11,5.115907697472721e-13,0.0,0.0,1.0000000000000284,8.355982572538778e-12
1018,10,4,-0.05495716936794211,0.0,3.7402969610411674e-11,10.79382616732741,158.60000000000002,444.4211360000001,6.014033715473488e-11,0.0,21.807383907573296,1.9468870959826745e-11,1.4949819160392508e-11,0.0,1.0174971976084635e-11,5.115907697472721e-13,0.0,0.0,1.000000000000032,8.327560863108374e-12
1019,11,4,-0.026826014698277507,0.0,3.728928277269006e-11,17.629999999999995,158.60000000000002,445.34000000000003,6.014033715473488e-11,0.0,139.57349999999997,1.9468870959826745e-11,1.4949819160392508e-11,0.0,1.0174971976084635e-11,5.115907697472721e-13,0.0,0.0,1.0000000000000355,8.327560863108374e-12
1020,12,1,0.08824041267143767,0.0,3.717559593496844e-11,0.0,225.41748810752335,445.34000000000003,6.02540239924565e-11,0.0,298.3198739399236,1.944044925039634e-11,1.5006662579253316e-11,0.0,1.0118128557223827e-11,5.115907697472721e-13,0.0,0.0,1.0000000000000284,8.29913915367797e-12
1021,1,1,0.1905858892739731,53.81972242992333,3.7061909097246826e-11,13.421513461052456,324.38749642461346,445.34,6.093614501878619e-11,0.0,375.4040000000001,1.949729266925715e-11,1.5063505998114124e-11,0.0,1.0231815394945443e-11,5.115907697472721e-13,0.0,0.0,1.0000000000000284,8.29913915367797e-12
1022,2,1,0.11238451328124426,131.80000000000018,3.728928277269006e-11,0.8388638576462029,202.01863912943236,445.34000000000003,6.093614501878619e-11,0.0,124.59989999999999,1.9554136088117957e-11,1.5091927707544528e-11,0.0,1.0231815394945443e-11,5.115907697472721e-13,0.0,0.0,1.0000000000000142,8.412825991399586e-12
1023,3,3,-0.02106519939737154,0.0,3.728928277269006e-11,26.409999999999997,158.60000000000002,445.34000000000003,6.093614501878619e-11,0.0,151.5525,1.9554136088117957e-11,1.5120349416974932e-11,0.0,1.0231815394945443e-11,5.115907697472721e-13,0.0,0.0,1.0000000000000426,8.29913915367797e-12
1024,4,4,-0.012459695992630103,0.0,3.7402969610411674e-11,30.80000000000001,158.60000000000002,445.34000000000003,6.093614501878619e-11,0.0,181.5,1.9554136088117957e-11,1.510613856225973e-11,0.0,1.0231815394945443e-11,5.115907697472721e-13,0.0,0.0,1.0000000000000497,8.412825991399586e-12
1025,5,4,-0.012459695992630103,0.0,3.728928277269006e-11,30.80000000000001,158.60000000000002,445.34000000000003,6.082245818106458e-11,0.0,181.5,1.9525714378687553e-11,1.5091927707544528e-11,0.0,1.0174971976084635e-11,5.115907697472721e-13,0.0,0.0,1.0000000000000426,8.44124770082999e-12
1026,6,4,-0.012459695992630103,0.0,3.728928277269006e-11,30.80000000000001,158.60000000000002,445.34000000000003,6.082245818106458e-11,0.0,181.5,1.949729266925715e-11,1.5077716852829326e-11,0.0,1.000444171950221e-11,5.115907697472721e-13,0.0,0.0,1.0000000000000426,8.355982572538778e-12
1027,7,3,-0.021947307572263566,0.0,3.728928277269006e-11,0.0,158.60000000000002,444.978848,6.076561476220377e-11,0.0,171.5865339224427,1.949729266925715e-11,1.5077716852829326e-11,0.0,1.0061285138363019e-11,5.115907697472721e-13,0.0,0.0,1.0000000000000426,8.384404281969182e-12
1028,8,4,-0.019059543462415274,0.0,3.728928277269006e-11,5.522775233666067,158.60000000000002,444.98091200000005,6.082245818106458e-11,0.0,178.95740101052667,1.949729266925715e-11,1.5077716852829326e-11,0.0,1.0061285138363019e-11,5.115907697472721e-13,0.0,0.0,1.000000000000039,8.384404281969182e-12
1029,9,4,-0.027364092672712226,0.0,3.728928277269006e-11,0.0,158.29237366504242,437.6431520000001,6.082245818106458e-11,0.0,150.29530328670518,1.949729266925715e-11,1.5077716852829326e-11,0.0,1.0061285138363019e-11,5.115907697472721e-13,0.0,0.0,1.0000000000000426,8.384404281969182e-12
1030,10,4,-0.014780687320765387,0.0,3.723243935382925e-11,22.02000000000001,158.60000000000002,439.0487840000001,6.087930159992538e-11,0.0,181.5,1.9525714378687553e-11,1.5077716852829326e-11,0.0,1.0061285138363019e-11,5.115907697472721e-13,0.0,0.0,1.0000000000000426,8.384404281969182e-12
1031,11,1,0.01913279103764901,0.0,3.717559593496844e-11,0.0,186.59420807168226,445.34000000000003,6.093614501878619e-11,0.0,165.1019766524078,1.949729266925715e-11,1.5120349416974932e-11,0.0,1.0061285138363019e-11,5.115907697472721e-13,0.0,0.0,1.0000000000000284,8.412825991399586e-12
1032,12,1,0.04675363135821613,0.0,3.728928277269006e-11,0.0,213.27060880338502,445.34000000000003,6.093614501878619e-11,0.0,102.68168111234547,1.949729266925715e-11,1.517719283583574e-11,0.0,1.0118128557223827e-11,5.115907697472721e-13,0.0,0.0,1.0000000000000284,8.412825991399586e-12
1033,1,3,0.13672403893026253,127.63287594406029,3.728928277269006e-11,0.0,310.00603803083027,445.34000000000003,6.070877134334296e-11,0.0,112.62119999999999,1.9554136088117957e-11,1.517719283583574e-11,0.0,1.000444171950221e-11,5.115907697472721e-13,0.0,0.0,1.0000000000000284,8.412825991399586e-12
1034,2,3,-0.015547937410080315,0.0,3.751665644813329e-11,24.214999999999975,158.60000000000002,445.34000000000003,6.093614501878619e-11,0.0,124.59989999999999,1.9667822925839573e-11,1.517719283583574e-11,0.0,1.000444171950221e-11,5.115907697472721e-13,0.0,0.0,1.0000000000000284,8.526512829121202e-12
1035,3,4,-0.02106519939737154,0.0,3.751665644813329e-11,26.409999999999997,158.60000000000002,445.34000000000003,6.093614501878619e-11,0.0,151.5525,1.978150976356119e-11,1.517719283583574e-11,0.0,1.000444171950221e-11,5.115907697472721e-13,0.0,0.0,1.0000000000000284,8.412825991399586e-12
1036,4,4,-0.012459695992630103,0.0,3.751665644813329e-11,30.80000000000001,158.60000000000002,445.34000000000003,6.093614501878619e-11,0.0,181.5,1.978150976356119e-11,1.5162981981120538e-11,0.0,9.947598300641403e-12,5.115907697472721e-13,0.0,0.0,1.0000000000000355,8.412825991399586e-12
1037,5,4,-0.012459695992630103,0.0,3.751665644813329e-11,30.80000000000001,158.60000000000002,445.34000000000003,6.093614501878619e-11,0.0,181.5,1.978150976356119e-11,1.5162981981120538e-11,0.0,9.947598300641403e-12,5.115907697472721e-13,0.0,0.0,1.0000000000000284,8.412825991399586e-12
1038,6,4,-0.012459695992630103,0.0,3.751665644813329e-11,30.80000000000001,158.60000000000002,445.34000000000003,6.093614501878619e-11,0.0,181.5,1.9809931472991593e-11,1.517719283583574e-11,0.0,9.947598300641403e-12,5.115907697472721e-13,0.0,0.0,1.0000000000000284,8.384404281969182e-12
1039,7,3,-0.03186719275877765,0.0,3.751665644813329e-11,0.0,158.60000000000002,445.34000000000003,6.087930159992538e-11,0.0,128.73213392244264,1.9809931472991593e-11,1.517719283583574e-11,0.0,9.947598300641403e-12,5.115907697472721e-13,0.0,0.0,1.0000000000000213,8.355982572538778e-12
1040,8,4,-0.0289981580298465,0.0,3.751665644813329e-11,13.55797523366607,158.60000000000002,445.34000000000003,6.087930159992538e-11,0.0,128.2050417382507,1.9809931472991593e-11,1.517719283583574e-11,0.0,9.947598300641403e-12,5.115907697472721e-13,0.0,0.0,1.0000000000000284,8.384404281969182e-12
1041,9,4,-0.04591205774478911,0.0,3.7488234738702886e-11,0.0,153.10837366504245,445.3400000000001,6.087930159992538e-11,0.0,76.572550277076,1.9809931472991593e-11,1.517008740847814e-11,0.0,9.919176591210999e-12,5.115907697472721e-13,0.0,0.0,1.000000000000032,8.384404281969182e-12
1042,10,4,-0.04922705034732888,0.0,3.751665644813329e-11,0.7174709079402817,156.81865457535446,445.34000000000003,6.087930159992538e-11,0.0,58.04215692909855,1.9809931472991593e-11,1.517719283583574e-11,0.0,9.919176591210999e-12,5.115907697472721e-13,0.0,0.0,1.0000000000000355,8.412825991399586e-12
1043,11,4,-0.026826014698277507,0.0,3.751665644813329e-11,17.629999999999995,158.60000000000002,445.34000000000003,6.076561476220377e-11,0.0,139.5734999999999,1.9809931472991593e-11,1.5162981981120538e-11,0.0,9.890754881780595e-12,5.115907697472721e-13,0.0,0.0,1.0000000000000284,8.469669410260394e-12
1044,12,1,-0.04206233142583955,0.0,3.751665644813329e-11,0.0,158.60000000000002,445.34000000000003,6.093614501878619e-11,0.0,100.64189999999996,1.9838353182421997e-11,1.5162981981120538e-11,0.0,1.000444171950221e-11,5.115907697472721e-13,0.0,0.0,1.0000000000000284,8.412825991399586e-12
1045,1,4,0.023693107644065604,0.0,3.7402969610411674e-11,22.02000000000001,230.70825464646134,445.34000000000003,6.093614501878619e-11,0.0,112.62119999999999,1.9895196601282805e-11,1.517719283583574e-11,0.0,1.000444171950221e-11,5.115907697472721e-13,0.0,0.0,1.0000000000000142,8.412825991399586e-12
1046,2,3,-0.03469978952561406,0.0,3.751665644813329e-11,0.0,158.60000000000002,445.34000000000003,6.093614501878619e-11,0.0,124.59989999999999,1.9895196601282805e-11,1.517719283583574e-11,0.0,1.000444171950221e-11,5.115907697472721e-13,0.0,0.0,1.0000000000000142,8.526512829121202e-12
1047,3,4,-0.02106519939737154,0.0,3.751665644813329e-11,26.409999999999997,158.60000000000002,445.34,6.139089236967266e-11,0.0,151.5525,2.000888343900442e-11,1.5205614545266144e-11,0.0,9.777068044058979e-12,5.115907697472721e-13,0.0,0.0,1.0000000000000284,8.29913915367797e-12
1048,4,4,-0.012459695992630103,0.0,3.751665644813329e-11,30.80000000000001,158.60000000000002,445.34000000000003,6.127720553195104e-11,0.0,181.5,2.000888343900442e-11,1.5205614545266144e-11,0.0,9.72022462519817e-12,5.115907697472721e-13,0.0,0.0,1.0000000000000284,8.29913915367797e-12
1049,5,4,-0.01265313316790573,0.0,3.75734998669941e-11,30.799999999999983,157.76009578495325,445.34000000000003,6.127720553195104e-11,0.0,181.5,2.000888343900442e-11,1.5205614545266144e-11,0.0,9.72022462519817e-12,5.115907697472721e-13,0.0,0.0,1.0000000000000284,8.270717444247566e-12
1050,6,4,-0.01287719762543316,0.0,3.7630343285854906e-11,30.80000000000001,156.78720791036937,445.34000000000003,6.127720553195104e-11,0.0,181.5,2.0037305148434825e-11,1.5219825399981346e-11,0.0,9.72022462519817e-12,5.115907697472721e-13,0.0,0.0,1.0000000000000355,8.270717444247566e-12
1051,7,3,-0.03934921112997357,0.0,3.7630343285854906e-11,0.0,153.0613065355153,445.34000000000003,6.127720553195104e-11,0.0,101.94813392244265,2.0037305148434825e-11,1.5219825399981346e-11,0.0,9.777068044058979e-12,5.115907697472721e-13,0.0,0.0,1.0000000000000355,8.270717444247566e-12
1052,8,4,-0.030885890866949182,0.0,3.7630343285854906e-11,26.409999999999997,157.3001737353054,445.34000000000003,6.122036211309023e-11,0.0,108.53917872946016,2.0037305148434825e-11,1.524824710941175e-11,0.0,9.748646334628575e-12,5.115907697472721e-13,0.0,0.0,1.0000000000000426,8.270717444247566e-12
1053,9,3,-0.05646917365770163,0.0,3.75734998669941e-11,0.0,154.40286854157512,445.3400000000001,6.116351869422942e-11,0.0,30.365972883830693,2.0037305148434825e-11,1.524824710941175e-11,0.0,9.777068044058979e-12,5.115907697472721e-13,0.0,0.0,1.0000000000000497,8.29913915367797e-12
1054,10,4,-0.014780687320765387,0.0,3.751665644813329e-11,22.02000000000001,158.60000000000002,445.34000000000003,6.116351869422942e-11,0.0,181.5,2.0037305148434825e-11,1.524824710941175e-11,0.0,9.777068044058979e-12,5.115907697472721e-13,0.0,0.0,1.0000000000000497,8.270717444247566e-12
1055,11,1,0.049697739957265355,0.0,3.751665644813329e-11,0.0,196.9622080716822,445.34,6.116351869422942e-11,0.0,201.3899766524077,2.006572685786523e-11,1.5290879673557356e-11,0.0,9.833911462919787e-12,5.115907697472721e-13,0.0,0.0,1.0000000000000284,8.355982572538778e-12
1056,12,1,0.09468628387815349,0.0,3.7402969610411674e-11,0.0,239.7218511864628,445.34000000000003,6.116351869422942e-11,0.0,165.81047978810494,2.006572685786523e-11,1.5290879673557356e-11,0.0,9.890754881780595e-12,5.115907697472721e-13,0.0,0.0,1.0000000000000284,8.355982572538778e-12
1057,1,1,0.07258565065165201,20.907299955241342,3.751665644813329e-11,0.0,158.60000000000002,445.34000000000003,6.116351869422942e-11,0.0,112.62119999999999,2.0122570276726037e-11,1.5276668818842154e-11,0.0,9.777068044058979e-12,5.115907697472721e-13,0.0,0.0,1.0000000000000284,8.412825991399586e-12
1058,2,4,-0.028774156163135826,0.0,3.774403012357652e-11,24.215000000000032,158.60000000000002,445.34000000000003,6.070877134334296e-11,0.0,124.59990000000005,2.0122570276726037e-11,1.5290879673557356e-11,0.0,9.549694368615746e-12,5.115907697472721e-13,0.0,0.0,1.0000000000000284,8.526512829121202e-12
1059,3,4,-0.02106519939737154,0.0,3.7971403799019754e-11,26.409999999999997,158.60000000000002,445.34,6.070877134334296e-11,0.0,151.5525,2.0236257114447653e-11,1.5290879673557356e-11,0.0,9.549694368615746e-12,5.115907697472721e-13,0.0,0.0,1.0000000000000284,8.412825991399586e-12
1060,4,4,-0.012459695992630103,0.0,3.7971403799019754e-11,30.799999999999955,158.60000000000002,445.34000000000003,6.070877134334296e-11,0.0,181.5,2.029310053330846e-11,1.5290879673557356e-11,0.0,9.663381206337363e-12,5.115907697472721e-13,0.0,0.0,1.0000000000000284,8.469669410260394e-12
1061,5,4,-0.012459695992630103,0.0,3.7971403799019754e-11,30.80000000000001,158.60000000000002,445.34,6.070877134334296e-11,0.0,181.5,2.0236257114447653e-11,1.5276668818842154e-11,0.0,9.663381206337363e-12,5.258016244624741e-13,0.0,0.0,1.0000000000000213,8.469669410260394e-12
1062,6,4,-0.012459695992630103,0.0,3.7971403799019754e-11,30.80000000000001,158.60000000000002,445.34000000000003,6.070877134334296e-11,0.0,181.5,2.0236257114447653e-11,1.5276668818842154e-11,0.0,9.72022462519817e-12,5.258016244624741e-13,0.0,0.0,1.0000000000000213,8.469669410260394e-12
1063,7,3,-0.019652550317704676,0.0,3.7914560380158946e-11,0.0,158.60000000000002,445.34000000000003,6.070877134334296e-11,0.0,181.5,2.0236257114447653e-11,1.5276668818842154e-11,0.0,9.663381206337363e-12,5.258016244624741e-13,0.0,0.0,1.0000000000000213,8.469669410260394e-12
1064,8,4,-0.014890766135001616,0.0,3.7914560380158946e-11,26.409999999999997,158.60000000000002,445.34000000000003,6.065192792448215e-11,0.0,175.9879980751494,2.0236257114447653e-11,1.5290879673557356e-11,0.0,9.691802915767767e-12,5.258016244624741e-13,0.0,0.0,1.0000000000000213,8.498091119690798e-12
1065,9,3,-0.031132611643719586,0.0,3.7914560380158946e-11,0.0,158.60000000000002,445.3400000000001,6.065192792448215e-11,0.0,133.9556435452883,2.0236257114447653e-11,1.5290879673557356e-11,0.0,9.663381206337363e-12,5.258016244624741e-13,0.0,0.0,1.0000000000000249,8.469669410260394e-12
1066,10,4,-0.025009370340313714,0.0,3.7914560380158946e-11,22.02000000000001,158.60000000000002,445.34000000000003,6.065192792448215e-11,0.0,137.98513669823745,2.0236257114447653e-11,1.5290879673557356e-11,0.0,9.691802915767767e-12,5.258016244624741e-13,0.0,0.0,1.0000000000000284,8.469669410260394e-12
1067,11,3,-0.03115713006489306,0.0,3.7971403799019754e-11,0.0,158.60000000000002,445.34,6.048139766789973e-11,0.0,139.57349999999997,2.0264678823878057e-11,1.5290879673557356e-11,0.0,9.663381206337363e-12,5.258016244624741e-13,0.0,0.0,1.0000000000000142,8.469669410260394e-12
1068,12,1,0.002202055504479477,0.0,3.7971403799019754e-11,0.0,182.5630881075233,445.34000000000003,6.048139766789973e-11,0.0,119.96623905201807,2.0236257114447653e-11,1.5290879673557356e-11,0.0,9.663381206337363e-12,5.258016244624741e-13,0.0,0.0,1.0000000000000284,8.469669410260394e-12
